# Q(A^-1)        R
7.0066399999999997e-03 9.5035850660230825e-01
7.2876099999999999e-03 9.8154540680744473e-01
7.5452599999999998e-03 9.9791934041633312e-01
7.8423599999999996e-03 1.0000000000000000e+00
8.0990599999999999e-03 1.0000000000000000e+00
8.3843900000000002e-03 1.0000000000000000e+00
8.6475400000000004e-03 1.0000000000000000e+00
8.9141099999999994e-03 1.0000000000000000e+00
9.2129199999999994e-03 1.0000000000000000e+00
9.4801000000000000e-03 1.0000000000000000e+00
9.7679800000000008e-03 9.9647975485389961e-01
1.0035300000000000e-02 9.8488207761659285e-01
1.0299100000000000e-02 9.6911838622933777e-01
1.0568200000000000e-02 9.6460200062682433e-01
1.0865000000000000e-02 9.0585744775747146e-01
1.1133199999999999e-02 9.3434152364516387e-01
1.1398600000000000e-02 9.6161288652472765e-01
1.1679699999999999e-02 9.2871439104765419e-01
1.1944800000000000e-02 9.5348556314387256e-01
1.2211700000000001e-02 9.8610796342334284e-01
1.2526300000000001e-02 9.7518958149435120e-01
1.2793100000000000e-02 9.6109933464222863e-01
1.3066899999999999e-02 9.6005437259613735e-01
1.3334000000000000e-02 9.5690125808802129e-01
1.3605700000000000e-02 9.5331338045083824e-01
1.3863700000000000e-02 9.5262549335630653e-01
1.4161900000000000e-02 9.2827693833996883e-01
1.4424500000000000e-02 9.1892767196380820e-01
1.4730300000000000e-02 9.2175254863286082e-01
1.5001499999999999e-02 9.2583053776517987e-01
1.5261800000000001e-02 9.5194375657121444e-01
1.5546300000000001e-02 9.7951050352721403e-01
1.5826500000000000e-02 9.9523662270502722e-01
1.6069600000000000e-02 1.0000000000000000e+00
1.6400000000000001e-02 1.0000000000000000e+00
1.6607400000000001e-02 1.0000000000000000e+00
1.6883200000000001e-02 1.0000000000000000e+00
1.7189900000000001e-02 1.0000000000000000e+00
1.7462700000000001e-02 1.0000000000000000e+00
1.7708600000000001e-02 1.0000000000000000e+00
1.8025699999999999e-02 1.0000000000000000e+00
1.8278699999999998e-02 1.0000000000000000e+00
1.8530899999999999e-02 1.0000000000000000e+00
1.8800999999999998e-02 9.6694728680232178e-01
1.9106900000000000e-02 9.0465656661118521e-01
1.9373100000000001e-02 8.5895392260514603e-01
1.9660199999999999e-02 8.0281934403020760e-01
1.9939399999999999e-02 7.2713836622199379e-01
2.0227900000000000e-02 6.4739767037399210e-01
2.0481599999999999e-02 5.8123230580770646e-01
2.0753000000000001e-02 5.2359317827690810e-01
2.1031700000000000e-02 4.5300234082230606e-01
2.1297500000000000e-02 3.9502939588643582e-01
2.1596199999999999e-02 3.3019530279052162e-01
2.1878200000000000e-02 2.9368385706944877e-01
2.2099199999999999e-02 2.6917758705075084e-01
2.2439500000000001e-02 2.2058717005560152e-01
2.2684699999999999e-02 1.8888044154320749e-01
2.2956500000000001e-02 1.6576969303350786e-01
2.3252200000000001e-02 1.4490214813994517e-01
2.3544200000000001e-02 1.2372757193377638e-01
2.3806399999999998e-02 1.1052352122210544e-01
2.4077000000000001e-02 9.7911103734957081e-02
2.4338300000000000e-02 9.0002281030952772e-02
2.4601000000000001e-02 8.2819934565293185e-02
2.4931700000000001e-02 7.5405502826121684e-02
2.5164400000000000e-02 7.2776074729563531e-02
2.5428599999999999e-02 6.6988553601287582e-02
2.5753399999999999e-02 6.3232331564915201e-02
2.5989100000000001e-02 6.0131963021784716e-02
2.5020600000000000e-02 7.4400964116263416e-02
2.7386700000000000e-02 4.4948354375262921e-02
2.9816700000000002e-02 2.7024845990693058e-02
3.2257700000000000e-02 1.5819493373999072e-02
3.4705600000000003e-02 1.0283292909560225e-02
3.7198299999999997e-02 7.7690120562208774e-03
3.9524299999999998e-02 6.4144384965197703e-03
4.1919100000000001e-02 4.8163858281101406e-03
4.4352099999999998e-02 3.5143570245604384e-03
4.6707600000000002e-02 2.7299532012552111e-03
4.9225400000000002e-02 2.2124509844177668e-03
5.1561599999999999e-02 1.7128242381068105e-03
5.3965399999999997e-02 1.3803221773261269e-03
5.6449800000000001e-02 1.1353222632317539e-03
5.8810099999999997e-02 9.6836074681072321e-04
6.1305400000000003e-02 8.5823290990460414e-04
6.3699300000000000e-02 7.1414341521750392e-04
6.6040100000000004e-02 5.9881801776163709e-04
6.8656900000000007e-02 4.9438460718551720e-04
7.0935399999999996e-02 4.2206132821040433e-04
7.3374800000000004e-02 3.6418307067085574e-04
7.5654299999999994e-02 3.2826051929362262e-04
7.8247600000000000e-02 2.8776848008425185e-04
8.0624699999999994e-02 2.4972675140800675e-04
8.3051700000000006e-02 2.1674058568066333e-04
8.5374900000000004e-02 1.9161989827518909e-04
8.8163500000000006e-02 1.6483887872137970e-04
9.0249800000000005e-02 1.4859481962632866e-04
9.2787300000000003e-02 1.3258313945541082e-04
9.5137799999999995e-02 1.1767568321342117e-04
9.7601999999999994e-02 9.9959846231224901e-05
9.9915199999999996e-02 9.1439625692365625e-05
9.4903100000000004e-02 1.1777256930015897e-04
1.0116700000000001e-01 8.9384284921415695e-05
1.0733900000000000e-01 6.6287994383912164e-05
1.1325000000000000e-01 5.2875002575296053e-05
1.1935700000000000e-01 4.1797128681304659e-05
1.2561100000000000e-01 3.3381681989717884e-05
1.3161000000000000e-01 2.6934531478525760e-05
1.3800599999999999e-01 2.2159643268414249e-05
1.4386399999999999e-01 1.7989523173117726e-05
1.4994199999999999e-01 1.4308233905967968e-05
1.4002500000000001e-01 2.0339292403649175e-05
1.4845200000000000e-01 1.5048103360976439e-05
1.5695500000000001e-01 1.1346444490275710e-05
1.6559499999999999e-01 8.7145532467438342e-06
1.7337300000000000e-01 6.8644192579904752e-06
1.8223300000000001e-01 5.4224030620586912e-06
1.9006000000000001e-01 4.3093025584769784e-06
1.9875899999999999e-01 3.4652186993063748e-06
2.0717800000000000e-01 2.7768279071322214e-06
2.1605500000000000e-01 2.1533240679415338e-06
2.2424900000000000e-01 1.7312179019627102e-06
2.3301100000000000e-01 1.3783194385178925e-06
2.4043400000000001e-01 1.1900850729826553e-06
2.4907499999999999e-01 9.6434856826451401e-07
2.6614700000000002e-01 6.0980323575298884e-07
2.7432000000000001e-01 5.0202350402513660e-07
2.8270899999999999e-01 4.0809728225230401e-07
2.9990299999999998e-01 2.7069352162874553e-07
