# Q(A^-1)        R
7.0014099999999996e-03 8.5869383715175995e-01
7.2793299999999997e-03 9.4105693105386345e-01
7.5545999999999999e-03 9.1996024799401899e-01
7.8211099999999992e-03 8.8220692790376143e-01
8.1005499999999998e-03 9.3659430040031810e-01
8.3855700000000002e-03 9.6674147633667840e-01
8.6491599999999995e-03 9.7275849178767282e-01
8.9315699999999998e-03 9.4972057017654810e-01
9.2038699999999994e-03 9.4747169594971148e-01
9.4928500000000006e-03 9.5832060084318582e-01
9.7531500000000004e-03 9.4652013532078960e-01
1.0035499999999999e-02 9.6381763264447751e-01
1.0308700000000001e-02 9.3144318734967391e-01
1.0581900000000000e-02 9.1511225273754504e-01
1.0850300000000000e-02 8.7602102435051254e-01
1.1134399999999999e-02 9.2141605116827408e-01
1.1423900000000001e-02 9.2629137287422070e-01
1.1685600000000001e-02 9.3454755617914842e-01
1.1976000000000001e-02 9.7517070765312375e-01
1.2225700000000001e-02 9.9572383818491139e-01
1.2519100000000000e-02 9.7856163062465074e-01
1.2773200000000000e-02 9.7169194519884494e-01
1.3060700000000000e-02 9.9306088686035743e-01
1.3357300000000001e-02 9.6679417494189279e-01
1.3611099999999999e-02 9.2293308119451878e-01
1.3878800000000000e-02 9.7568438106963140e-01
1.4151800000000001e-02 9.3753429581784731e-01
1.4438500000000000e-02 9.5445069445220465e-01
1.4727199999999999e-02 9.4872143972133616e-01
1.4995200000000000e-02 9.8995874018133057e-01
1.5258300000000001e-02 9.4880144425132895e-01
1.5545900000000000e-02 9.7178169227475120e-01
1.5796100000000000e-02 9.9807066975428438e-01
1.6089099999999999e-02 9.8598250877711535e-01
1.6371600000000000e-02 9.8269272248738004e-01
1.6624000000000000e-02 9.8210099408011997e-01
1.6912600000000000e-02 9.4292157850522851e-01
1.7183799999999999e-02 9.8698056279382940e-01
1.7472600000000001e-02 9.6017126535388819e-01
1.7746899999999999e-02 9.2778858564420030e-01
1.8035200000000001e-02 9.2213437474371751e-01
1.8275400000000001e-02 9.1848704160318773e-01
1.8534700000000001e-02 9.1238154062647037e-01
1.8848000000000000e-02 9.2488859468995421e-01
1.9112500000000001e-02 8.8857050794932291e-01
1.9402699999999998e-02 8.6527273358140921e-01
1.9650500000000001e-02 8.7374793655626837e-01
1.9932800000000001e-02 8.5982762266426549e-01
2.0237700000000001e-02 8.1810366796447254e-01
2.0516300000000001e-02 8.1176423202028880e-01
2.0762900000000001e-02 8.2232169448735948e-01
2.1067400000000000e-02 7.6205529776552128e-01
2.1301400000000002e-02 7.8262201496668760e-01
2.1546900000000001e-02 7.4084285864326571e-01
2.1887500000000001e-02 7.6229008668317055e-01
2.2117399999999999e-02 7.7782779636516031e-01
2.2438699999999999e-02 8.1477838499726940e-01
2.2705699999999999e-02 8.6594359692250022e-01
2.2986800000000002e-02 9.4958246247529365e-01
2.3238900000000000e-02 1.0000000000000000e+00
2.3542000000000000e-02 1.0000000000000000e+00
2.3761700000000000e-02 1.0000000000000000e+00
2.4058500000000000e-02 1.0000000000000000e+00
2.4364500000000001e-02 1.0000000000000000e+00
2.4614299999999999e-02 1.0000000000000000e+00
2.4883800000000001e-02 1.0000000000000000e+00
2.5186600000000000e-02 1.0000000000000000e+00
2.5391199999999999e-02 1.0000000000000000e+00
2.5767999999999999e-02 1.0000000000000000e+00
2.5968700000000001e-02 1.0000000000000000e+00
2.4988199999999999e-02 1.0000000000000000e+00
2.7399000000000000e-02 3.4506817329396022e-01
2.9840400000000000e-02 1.8429420667118810e-02
3.2202200000000000e-02 2.4079674883594384e-03
3.4678700000000000e-02 1.1315429438506130e-03
3.7111199999999997e-02 8.3005377824438319e-04
3.9514300000000002e-02 7.0303033839478214e-04
4.1982999999999999e-02 5.7272247423828353e-04
4.4337700000000001e-02 4.5546733582330003e-04
4.6745299999999997e-02 3.3549566328780895e-04
4.9240600000000002e-02 2.8531035551253151e-04
5.1620100000000002e-02 2.1522179974467137e-04
5.3966800000000002e-02 1.7501985468620080e-04
5.6395500000000001e-02 1.3873818020100037e-04
5.8889299999999999e-02 1.2369778265529065e-04
6.1265800000000002e-02 1.0648433837561047e-04
6.3685900000000004e-02 9.1904895846967320e-05
6.6200499999999995e-02 8.0565740645420738e-05
6.8575899999999995e-02 6.9623522095546775e-05
7.0896399999999998e-02 5.7798383959431447e-05
7.3304099999999997e-02 5.3012688330484557e-05
7.5775899999999993e-02 4.6746319937514872e-05
7.8246700000000002e-02 4.1121772423694439e-05
8.0550999999999998e-02 3.5958841252004239e-05
8.3148600000000003e-02 3.3031164960799973e-05
8.5547300000000007e-02 2.9249081530639543e-05
8.7967400000000001e-02 2.3947492336326872e-05
9.0393000000000001e-02 2.1922446671963649e-05
9.2692800000000006e-02 1.9216088542999813e-05
9.5106099999999999e-02 1.6827664484240658e-05
9.7613000000000005e-02 1.5175163565962067e-05
9.9916800000000000e-02 1.3552071007297032e-05
9.5050200000000001e-02 1.6988364518532642e-05
1.0105100000000000e-01 1.3047934129232410e-05
1.0730000000000001e-01 1.0137354449277956e-05
1.1337800000000001e-01 8.5670662148710270e-06
1.1956700000000001e-01 6.4007344594036122e-06
1.2563199999999999e-01 5.3432545994873788e-06
1.3163700000000000e-01 4.3219463725073695e-06
1.3766500000000001e-01 3.7911963305702783e-06
1.4386599999999999e-01 3.1329449719042656e-06
1.4996200000000001e-01 2.6304927844365800e-06
1.3997599999999999e-01 3.5697593071736184e-06
1.4840800000000001e-01 2.6799587467107291e-06
1.5675900000000001e-01 2.1582653542876224e-06
1.6512299999999999e-01 1.7640244565964742e-06
1.7372399999999999e-01 1.4228912394409116e-06
1.8223700000000001e-01 1.1681124152748574e-06
1.9056200000000001e-01 9.8741128127022682e-07
1.9901500000000000e-01 8.2778467533866022e-07
2.0712900000000001e-01 6.7075019467462708e-07
2.1573700000000001e-01 5.5313862120148348e-07
2.2419000000000000e-01 4.7551725006742852e-07
2.3256299999999999e-01 3.9624242351414059e-07
2.4105499999999999e-01 3.4220760920029058e-07
2.4959700000000001e-01 3.0956664497871855e-07
2.6652799999999999e-01 2.0868228390432076e-07
2.9133199999999998e-01 1.3592196048602560e-07
3.0022100000000002e-01 1.2558423634345672e-07
