# Q(A^-1)        R
6.9985000000000004e-03 9.1472207272788764e-01
7.2791399999999999e-03 9.2572359297130791e-01
7.5567899999999999e-03 9.9472863589497373e-01
7.8269900000000007e-03 9.7186890334388665e-01
8.1122199999999998e-03 9.9279411117847749e-01
8.3841200000000001e-03 9.9760518670007359e-01
8.6555199999999999e-03 9.9863666244310811e-01
8.9411000000000004e-03 1.0000000000000000e+00
9.1916199999999993e-03 9.8136998079567273e-01
9.4802600000000008e-03 9.5024670121788257e-01
9.7572200000000005e-03 9.4498139152854643e-01
1.0032200000000000e-02 9.4098159235628875e-01
1.0300200000000001e-02 9.2783441190758753e-01
1.0588700000000000e-02 9.1528706314045838e-01
1.0847200000000000e-02 8.8172183237122759e-01
1.1130700000000000e-02 8.8418523545500605e-01
1.1409600000000001e-02 9.0362776752244234e-01
1.1684300000000000e-02 9.1953638646863667e-01
1.1945200000000000e-02 9.2810643544312943e-01
1.2253300000000000e-02 9.4236306628644484e-01
1.2520699999999999e-02 9.6515980576334703e-01
1.2786499999999999e-02 9.7013016723305046e-01
1.3053000000000000e-02 9.6461945431392870e-01
1.3339000000000000e-02 9.8305280468283729e-01
1.3605500000000000e-02 9.8697465312992472e-01
1.3890500000000000e-02 9.8023601467769983e-01
1.4162299999999999e-02 9.7287549197578727e-01
1.4426599999999999e-02 9.9736817723193194e-01
1.4717800000000000e-02 1.0000000000000000e+00
1.4994199999999999e-02 1.0000000000000000e+00
1.5233099999999999e-02 1.0000000000000000e+00
1.5511400000000000e-02 1.0000000000000000e+00
1.5802799999999999e-02 1.0000000000000000e+00
1.6093199999999998e-02 1.0000000000000000e+00
1.6350199999999999e-02 1.0000000000000000e+00
1.6648099999999999e-02 1.0000000000000000e+00
1.6918900000000001e-02 1.0000000000000000e+00
1.7189300000000001e-02 1.0000000000000000e+00
1.7454700000000000e-02 1.0000000000000000e+00
1.7766000000000001e-02 1.0000000000000000e+00
1.7994300000000001e-02 1.0000000000000000e+00
1.8259200000000000e-02 1.0000000000000000e+00
1.8574299999999998e-02 1.0000000000000000e+00
1.8862600000000000e-02 1.0000000000000000e+00
1.9135599999999999e-02 9.9052743792894515e-01
1.9373000000000001e-02 9.4799686535844896e-01
1.9639100000000000e-02 8.6105868115129680e-01
1.9957500000000000e-02 7.3965508897095911e-01
2.0229400000000002e-02 6.4923219183277447e-01
2.0450800000000002e-02 5.8063013096899907e-01
2.0795100000000000e-02 4.6654475242456661e-01
2.1052399999999999e-02 3.9736147683214512e-01
2.1343100000000000e-02 3.4447074823573548e-01
2.1588599999999999e-02 2.9186153506644741e-01
2.1890900000000001e-02 2.4504177305941766e-01
2.2172399999999998e-02 2.0755648598629028e-01
2.2396099999999999e-02 1.8335682316110760e-01
2.2672500000000002e-02 1.5815939095153800e-01
2.2974800000000000e-02 1.3655318844496900e-01
2.3283100000000001e-02 1.1858306325923451e-01
2.3509900000000000e-02 1.0701555875859310e-01
2.3749300000000001e-02 9.7204211055720635e-02
2.4070100000000001e-02 8.5252695677348431e-02
2.4313299999999999e-02 8.0483173462601740e-02
2.4609800000000001e-02 7.3677078101204801e-02
2.4922199999999999e-02 6.8227087543020801e-02
2.5191300000000000e-02 6.6094484501749956e-02
2.5445599999999999e-02 6.1951241756486329e-02
2.5730599999999999e-02 6.1497702223716338e-02
2.6019500000000001e-02 5.7309396519505812e-02
2.4992400000000001e-02 6.7670756314863162e-02
2.7415999999999999e-02 4.3597231437526099e-02
2.9874899999999999e-02 2.4981472846903979e-02
3.2266200000000002e-02 1.4294524304217390e-02
3.4656600000000003e-02 9.6326685493716788e-03
3.7121399999999999e-02 7.7992780053049550e-03
3.9516299999999997e-02 6.2584324084974715e-03
4.1919800000000000e-02 4.5323217386920404e-03
4.4318499999999997e-02 3.2802530818835758e-03
4.6825400000000003e-02 2.6396325652555679e-03
4.9203299999999998e-02 2.2659605755979157e-03
5.1610499999999997e-02 1.6501079016348762e-03
5.3946500000000001e-02 1.2864835960335621e-03
5.6434900000000003e-02 1.0149761434209625e-03
5.8957299999999997e-02 9.0186604515004611e-04
6.1358400000000000e-02 7.8839961338821225e-04
6.3703599999999999e-02 6.4614147429653459e-04
6.6162799999999994e-02 4.9791010179428704e-04
6.8435700000000002e-02 4.1152406019427879e-04
7.0958099999999996e-02 3.3090826492772113e-04
7.3370800000000000e-02 2.8060543714952395e-04
7.5836600000000004e-02 2.5090715335415032e-04
7.8142600000000006e-02 2.2167905331099068e-04
8.0567100000000003e-02 1.8002283956841770e-04
8.3151000000000003e-02 1.5022502360340035e-04
8.5455799999999998e-02 1.2907051961232215e-04
8.7817400000000004e-02 1.1021624775491526e-04
9.0469999999999995e-02 9.5781633626931153e-05
9.2566700000000002e-02 8.2701291515470407e-05
9.5136700000000005e-02 7.2847149297059811e-05
9.7628499999999993e-02 6.3986381779447554e-05
1.0002700000000000e-01 5.6565903649911780e-05
9.4803999999999999e-02 7.5434237959520086e-05
1.0099800000000000e-01 5.3010985572916413e-05
1.0730500000000000e-01 3.8881903325591319e-05
1.1333200000000000e-01 2.8721846895378575e-05
1.1940400000000000e-01 2.0550433767397199e-05
1.2551000000000001e-01 1.6052218899242175e-05
1.3167499999999999e-01 1.1831773774363701e-05
1.3779700000000000e-01 8.7272261483840952e-06
1.4381400000000000e-01 6.2653497364982984e-06
1.5004100000000001e-01 4.5141519969233005e-06
1.3991700000000001e-01 7.6583196230607642e-06
1.4827199999999999e-01 4.8574644099340788e-06
1.5704799999999999e-01 3.0836620308212140e-06
1.6533400000000001e-01 2.1382325118785468e-06
1.7341500000000001e-01 1.3941628947079927e-06
1.8227699999999999e-01 9.2842441812645104e-07
1.9062000000000001e-01 6.3402183722284929e-07
2.0734500000000000e-01 2.7835132542579535e-07
2.2445699999999999e-01 1.2006069660874626e-07
2.3294799999999999e-01 7.8850803126254876e-08
2.4067300000000000e-01 5.3226559359736268e-08
2.4947800000000001e-01 3.4652562787182988e-08
2.7502599999999999e-01 8.5017245064369265e-09
2.8386499999999998e-01 5.2067710693189543e-09
3.0024200000000001e-01 2.1843253872333435e-09
