# Q(A^-1)        R
7.0025599999999997e-03 9.4969808475831452e-01
7.2716500000000002e-03 9.7792704421833387e-01
7.5631200000000004e-03 9.9893989426110963e-01
7.8302800000000002e-03 1.0000000000000000e+00
8.0909899999999993e-03 1.0000000000000000e+00
8.3844100000000001e-03 1.0000000000000000e+00
8.6520999999999994e-03 1.0000000000000000e+00
8.9149799999999994e-03 1.0000000000000000e+00
9.2000299999999997e-03 1.0000000000000000e+00
9.4731099999999999e-03 1.0000000000000000e+00
9.7444899999999997e-03 1.0000000000000000e+00
1.0017399999999999e-02 9.9834118635980063e-01
1.0301299999999999e-02 9.8731337089306881e-01
1.0574800000000001e-02 9.6814879973672474e-01
1.0846000000000000e-02 9.3580683295792533e-01
1.1133100000000000e-02 8.9303150419331179e-01
1.1398400000000000e-02 8.5484861481289653e-01
1.1682300000000000e-02 8.1572276619049799e-01
1.1957300000000001e-02 7.6954609658220574e-01
1.2237800000000000e-02 7.1438534570851853e-01
1.2515200000000001e-02 6.6971609227760331e-01
1.2789600000000000e-02 6.2390919737177886e-01
1.3086199999999999e-02 5.5903166243285496e-01
1.3335600000000000e-02 5.0397017855827841e-01
1.3603400000000000e-02 4.4611588888740961e-01
1.3872600000000001e-02 3.8558883355726364e-01
1.4185300000000000e-02 3.3048988382940969e-01
1.4445599999999999e-02 3.0227763144924347e-01
1.4716800000000000e-02 2.5287613180299479e-01
1.5005299999999999e-02 2.2103084111635676e-01
1.5268400000000000e-02 1.8760084320657719e-01
1.5554399999999999e-02 1.5872757464371062e-01
1.5822699999999999e-02 1.3553352924794848e-01
1.6101500000000001e-02 1.1164711309218869e-01
1.6388799999999999e-02 9.0895863767497559e-02
1.6638199999999999e-02 7.6836180868808418e-02
1.6936400000000001e-02 6.1946890998881683e-02
1.7184600000000001e-02 5.2031578979590244e-02
1.7474300000000002e-02 4.4045712463596343e-02
1.7780899999999999e-02 3.7380818722869948e-02
1.8015900000000001e-02 3.3706442021421534e-02
1.8310400000000001e-02 2.7726183165670340e-02
1.8571200000000000e-02 2.5364181213863236e-02
1.8819900000000001e-02 2.3554269031428546e-02
1.9111199999999998e-02 2.1346629943216868e-02
1.9400700000000000e-02 1.9669056804197130e-02
1.9640600000000001e-02 1.8678312375934682e-02
1.9917199999999999e-02 1.7540373754896199e-02
2.0221699999999999e-02 1.6456127863332344e-02
2.0477499999999999e-02 1.5895935287947850e-02
2.0774100000000000e-02 1.4750973960191009e-02
2.1059000000000001e-02 1.4143365259481497e-02
2.1308000000000001e-02 1.3723176596104060e-02
2.1581599999999999e-02 1.2613871610671274e-02
2.1841200000000002e-02 1.2270794232854857e-02
2.2146900000000001e-02 1.1656019539568055e-02
2.2451499999999999e-02 1.0832335939637307e-02
2.2681600000000000e-02 1.0460144220989769e-02
2.3002900000000000e-02 9.9487341874479537e-03
2.3234600000000001e-02 9.5471269661571729e-03
2.3546000000000001e-02 8.9881760066228434e-03
2.3804599999999999e-02 8.3872283740140160e-03
2.4080399999999998e-02 7.8753279201722471e-03
2.4366499999999999e-02 7.5240997610019813e-03
2.4610199999999999e-02 6.9188508284369612e-03
2.4896600000000001e-02 6.4511177360904916e-03
2.5192900000000001e-02 6.0153147453386067e-03
2.5451499999999998e-02 5.6153707561387503e-03
2.5698599999999999e-02 5.4345068201068622e-03
2.5994799999999998e-02 5.1211909996515918e-03
2.4986999999999999e-02 6.3158784006882435e-03
2.7359100000000001e-02 4.0080195002504433e-03
2.9862600000000000e-02 2.6207521714135206e-03
3.2257099999999997e-02 1.9224769299019571e-03
3.4684800000000002e-02 1.3948438872552244e-03
3.7068100000000000e-02 1.1334517107295698e-03
3.9467200000000001e-02 9.0994432977021514e-04
4.1961499999999999e-02 6.7009855725151223e-04
4.4349199999999998e-02 5.1210925591582961e-04
4.6827599999999997e-02 4.1834953307742946e-04
4.9204100000000001e-02 3.6160211979609393e-04
5.1619499999999999e-02 2.8613326970604184e-04
5.4045200000000002e-02 2.3129455291700536e-04
5.6396700000000001e-02 1.9345733566902896e-04
5.8901900000000000e-02 1.6943020652048318e-04
6.1211000000000002e-02 1.4960056977615524e-04
6.3750000000000001e-02 1.2557247073701158e-04
6.6033099999999997e-02 1.0168010919302954e-04
6.8614700000000001e-02 8.0619500520101069e-05
7.1050500000000003e-02 6.6366918506746188e-05
7.3437799999999998e-02 5.6533177545168199e-05
7.5786300000000001e-02 5.1186918777909311e-05
7.8261700000000003e-02 4.5803231375358538e-05
8.0523499999999998e-02 3.9749917269721403e-05
8.3150799999999997e-02 3.4239887436883807e-05
8.5517899999999994e-02 3.0767166986572639e-05
8.8000200000000001e-02 2.6013948176557262e-05
9.0373599999999998e-02 2.4418974500982468e-05
9.2807000000000001e-02 2.0902398529468724e-05
9.5226300000000000e-02 1.8606265920550724e-05
9.7516000000000005e-02 1.6820569579030389e-05
1.0016799999999999e-01 1.5353370979205651e-05
9.4865099999999994e-02 1.9547578388142947e-05
1.0111800000000000e-01 1.5038903370109607e-05
1.0717500000000001e-01 1.1235941827453905e-05
1.1336100000000000e-01 8.9513966819921057e-06
1.1932800000000000e-01 7.0707616024864235e-06
1.2547900000000001e-01 5.5991769524138026e-06
1.3162099999999999e-01 4.3022637303623664e-06
1.3767199999999999e-01 3.4752236154522262e-06
1.4409500000000000e-01 2.6427229497654296e-06
1.5008099999999999e-01 2.1245637437422861e-06
1.4000599999999999e-01 3.0548782785697389e-06
1.4850700000000000e-01 2.2333199464126876e-06
1.5692700000000001e-01 1.6750478894597373e-06
1.6519000000000000e-01 1.2803542075197592e-06
1.7356500000000000e-01 9.9335228339827712e-07
1.8206200000000000e-01 7.5284907215458641e-07
1.9043299999999999e-01 5.7434550635355521e-07
1.9882000000000000e-01 4.5931785542548356e-07
2.0739299999999999e-01 3.4530585207490778e-07
2.4065500000000001e-01 1.3320641202085318e-07
2.4945200000000001e-01 1.0651489796613129e-07
2.5780500000000001e-01 8.1912891097159763e-08
2.6662200000000003e-01 6.2492195567972166e-08
2.7496900000000002e-01 4.9725462893273944e-08
2.9961399999999999e-01 2.3733443587167375e-08
