# Q(A^-1)        R
6.9966799999999999e-03 9.1897405676469612e-01
7.2644299999999997e-03 9.5728308344446567e-01
7.5489900000000002e-03 9.9605772265146109e-01
7.8294699999999998e-03 1.0000000000000000e+00
8.0793600000000007e-03 1.0000000000000000e+00
8.3746800000000007e-03 1.0000000000000000e+00
8.6482599999999996e-03 1.0000000000000000e+00
8.9302900000000004e-03 1.0000000000000000e+00
9.1978200000000006e-03 1.0000000000000000e+00
9.4831900000000007e-03 1.0000000000000000e+00
9.7540900000000000e-03 1.0000000000000000e+00
1.0029100000000001e-02 1.0000000000000000e+00
1.0294100000000000e-02 9.9998437888968950e-01
1.0584500000000000e-02 9.9838663249838078e-01
1.0856899999999999e-02 9.7482297021236752e-01
1.1135100000000000e-02 9.7309873796564483e-01
1.1413400000000001e-02 9.8448300738785222e-01
1.1666800000000000e-02 9.9573420201676877e-01
1.1965600000000000e-02 1.0000000000000000e+00
1.2241699999999999e-02 1.0000000000000000e+00
1.2503300000000000e-02 1.0000000000000000e+00
1.2794300000000000e-02 1.0000000000000000e+00
1.3042900000000000e-02 1.0000000000000000e+00
1.3348199999999999e-02 1.0000000000000000e+00
1.3616600000000000e-02 1.0000000000000000e+00
1.3904100000000001e-02 9.9783241310834259e-01
1.4156999999999999e-02 9.8628588222691571e-01
1.4460000000000001e-02 1.0000000000000000e+00
1.4721200000000000e-02 1.0000000000000000e+00
1.4970600000000001e-02 1.0000000000000000e+00
1.5277499999999999e-02 1.0000000000000000e+00
1.5555400000000000e-02 1.0000000000000000e+00
1.5816199999999999e-02 1.0000000000000000e+00
1.6064300000000000e-02 1.0000000000000000e+00
1.6384599999999999e-02 1.0000000000000000e+00
1.6639800000000000e-02 1.0000000000000000e+00
1.6915300000000001e-02 1.0000000000000000e+00
1.7210900000000001e-02 1.0000000000000000e+00
1.7456500000000000e-02 1.0000000000000000e+00
1.7726700000000001e-02 1.0000000000000000e+00
1.7989100000000001e-02 1.0000000000000000e+00
1.8297899999999999e-02 1.0000000000000000e+00
1.8530899999999999e-02 1.0000000000000000e+00
1.8808300000000000e-02 1.0000000000000000e+00
1.9120700000000001e-02 1.0000000000000000e+00
1.9377800000000001e-02 1.0000000000000000e+00
1.9658999999999999e-02 1.0000000000000000e+00
1.9954099999999999e-02 9.8484931571852885e-01
2.0221900000000001e-02 9.4705214377156044e-01
2.0508900000000000e-02 8.9345570282170350e-01
2.0755099999999999e-02 8.3292362639558737e-01
2.1051100000000000e-02 7.6326229474540441e-01
2.1302999999999999e-02 7.1991694010186214e-01
2.1564699999999999e-02 6.3128858788637687e-01
2.1878900000000000e-02 5.5396527913339844e-01
2.2129599999999999e-02 5.1139844553239722e-01
2.2448800000000001e-02 4.3664253516998186e-01
2.2720600000000001e-02 3.7755234958129286e-01
2.2980700000000000e-02 3.3224851527981741e-01
2.3263400000000000e-02 2.8983711240919596e-01
2.3494000000000001e-02 2.5724837828695923e-01
2.3803999999999999e-02 2.1553365843679381e-01
2.4062000000000000e-02 1.8872608652033318e-01
2.4361700000000000e-02 1.6850678134478878e-01
2.4628199999999999e-02 1.4573472622376585e-01
2.4891799999999999e-02 1.3177638664588345e-01
2.5173299999999999e-02 1.1614425619063308e-01
2.5447000000000001e-02 1.0529208976127614e-01
2.5734699999999999e-02 9.9668587065137468e-02
2.6007599999999999e-02 8.9686746314015658e-02
2.5004499999999999e-02 1.2556644347859447e-01
2.7413600000000000e-02 6.1651334145323082e-02
2.9872599999999999e-02 3.3760914920740188e-02
3.2285099999999997e-02 2.0370369085418599e-02
3.4677699999999999e-02 1.3332103249830427e-02
3.7000800000000000e-02 1.0424013507086044e-02
3.9548800000000002e-02 7.9056328805132570e-03
4.1857600000000002e-02 5.5641321685507440e-03
4.4386700000000001e-02 3.8897604747768796e-03
4.6766000000000002e-02 3.1526212249132516e-03
4.9166099999999997e-02 2.7715566458745879e-03
5.1687100000000000e-02 2.0340060711346425e-03
5.4032799999999999e-02 1.5745385043603624e-03
5.6447499999999998e-02 1.2335916199974148e-03
5.8851599999999997e-02 1.1044048383221424e-03
6.1260799999999997e-02 9.5661353469313486e-04
6.3589499999999993e-02 7.7665674397157144e-04
6.6027299999999997e-02 6.2637562674961237e-04
6.8663500000000002e-02 4.8074846858164974e-04
7.0913699999999996e-02 3.9375256180807167e-04
7.3339699999999994e-02 3.3297059124159668e-04
7.5806200000000004e-02 3.0286090139570771e-04
7.8315599999999999e-02 2.6367888738094573e-04
8.0640199999999995e-02 2.2508244333810449e-04
8.3158399999999993e-02 1.9020705875379490e-04
8.5466500000000001e-02 1.6253330979252664e-04
8.7898799999999999e-02 1.3847781298626947e-04
9.0242900000000001e-02 1.2631479704261437e-04
9.2727699999999996e-02 1.0526831846351083e-04
9.5267400000000002e-02 9.1378938892274465e-05
9.7798399999999994e-02 7.8978379884796148e-05
1.0010900000000000e-01 6.9633544454515640e-05
9.5194299999999996e-02 9.1948828396072138e-05
1.0102400000000000e-01 6.5915065880019195e-05
1.0714899999999999e-01 4.8217809353612615e-05
1.1321900000000000e-01 3.4777800588245575e-05
1.1928100000000000e-01 2.4569606954733477e-05
1.2561300000000000e-01 1.8205334340766365e-05
1.3157400000000000e-01 1.3429424665009109e-05
1.3770199999999999e-01 1.0111925086525639e-05
1.4386399999999999e-01 7.1872312578927810e-06
1.5012700000000001e-01 5.2185653348196011e-06
1.4014499999999999e-01 8.6947686338975765e-06
1.4847199999999999e-01 5.6857291411827408e-06
1.5698599999999999e-01 3.6994915981466749e-06
1.6517000000000001e-01 2.5223930778077073e-06
1.7388799999999999e-01 1.6536162615977615e-06
1.8200700000000000e-01 1.1189679473139336e-06
1.9048100000000001e-01 7.5219156754482777e-07
2.1562000000000001e-01 2.1127438064423676e-07
2.2406400000000001e-01 1.3782086719072534e-07
2.6612300000000000e-01 1.5535920279610336e-08
2.8357300000000002e-01 6.1011690803767824e-09
2.9156199999999999e-01 4.0301356434754869e-09
2.9999199999999998e-01 2.5155005222713586e-09
