# Q(A^-1)        R
6.9968000000000001e-03 8.6935155289172672e-01
7.2637999999999999e-03 8.8599147315299565e-01
7.5556099999999999e-03 9.5523613868017143e-01
7.8334500000000005e-03 9.6251647018160102e-01
8.1124100000000005e-03 9.7490490951386377e-01
8.3590699999999997e-03 9.8579004265273773e-01
8.6526199999999998e-03 9.9619015319809212e-01
8.9305700000000005e-03 1.0000000000000000e+00
9.2086000000000008e-03 9.9340396192722513e-01
9.4799099999999994e-03 9.6990344682425467e-01
9.7673699999999992e-03 9.3953628022755986e-01
1.0028499999999999e-02 9.3601046364099150e-01
1.0327200000000000e-02 9.4264861189245996e-01
1.0581999999999999e-02 9.2744048939879375e-01
1.0852300000000000e-02 8.9775540532912179e-01
1.1129699999999999e-02 9.0000081313812508e-01
1.1402400000000000e-02 8.9435608696784141e-01
1.1700600000000000e-02 9.3757328365496739e-01
1.1947100000000000e-02 9.5367692702085161e-01
1.2238400000000000e-02 9.6843662596967794e-01
1.2501600000000000e-02 9.8496700675451265e-01
1.2776400000000000e-02 9.8188643493705607e-01
1.3065700000000000e-02 9.6189778096291145e-01
1.3331000000000001e-02 9.7012349923645425e-01
1.3615700000000000e-02 9.9340795999560760e-01
1.3905900000000001e-02 9.6545685354273936e-01
1.4158900000000000e-02 9.6361419762611422e-01
1.4431800000000000e-02 9.7466600458143882e-01
1.4699700000000000e-02 9.7028939402536285e-01
1.4991600000000001e-02 9.7328102918746984e-01
1.5262500000000000e-02 9.7805576776295056e-01
1.5555100000000001e-02 9.9346821401411745e-01
1.5819900000000001e-02 1.0000000000000000e+00
1.6079400000000001e-02 1.0000000000000000e+00
1.6355200000000000e-02 1.0000000000000000e+00
1.6641199999999998e-02 1.0000000000000000e+00
1.6923100000000000e-02 1.0000000000000000e+00
1.7169799999999999e-02 1.0000000000000000e+00
1.7455200000000001e-02 1.0000000000000000e+00
1.7713699999999999e-02 1.0000000000000000e+00
1.8003600000000002e-02 1.0000000000000000e+00
1.8294700000000001e-02 1.0000000000000000e+00
1.8541800000000001e-02 1.0000000000000000e+00
1.8834000000000000e-02 1.0000000000000000e+00
1.9094099999999999e-02 9.9826935996816457e-01
1.9408200000000000e-02 9.9088000850583424e-01
1.9685999999999999e-02 9.7711024435290894e-01
1.9924799999999999e-02 9.5314156389318250e-01
2.0171900000000000e-02 9.1470916003679681e-01
2.0492000000000000e-02 8.7241171286489982e-01
2.0745000000000000e-02 8.0686421611761594e-01
2.1051100000000000e-02 7.5699842605171197e-01
2.1284200000000000e-02 7.1884221380681401e-01
2.1614100000000001e-02 6.3948297859671910e-01
2.1881899999999999e-02 5.8203419475918305e-01
2.2148299999999999e-02 5.3187059059382791e-01
2.2403400000000000e-02 4.6811457466636841e-01
2.2664500000000001e-02 4.1487791140409036e-01
2.3032600000000000e-02 3.5254315658305724e-01
2.3276600000000001e-02 3.1655271551075093e-01
2.3522700000000001e-02 2.8545949294479100e-01
2.3791600000000000e-02 2.4560395452959102e-01
2.4109400000000000e-02 2.0128163796191773e-01
2.4403000000000001e-02 1.8087072375306731e-01
2.4640900000000000e-02 1.5986588130871079e-01
2.4851200000000000e-02 1.4774828117415148e-01
2.5185200000000001e-02 1.2783369204372091e-01
2.5406000000000001e-02 1.1774250871405612e-01
2.5709200000000001e-02 1.0933729881802014e-01
2.5993800000000001e-02 9.6172992936155083e-02
2.4981400000000001e-02 1.4009112100494192e-01
2.7463200000000000e-02 6.4348002041099903e-02
2.9840900000000000e-02 3.6438538252239284e-02
3.2241800000000001e-02 2.1797192056191607e-02
3.4757900000000001e-02 1.4414679486864524e-02
3.7073200000000001e-02 1.1614045535796686e-02
3.9459099999999997e-02 9.2160252505283560e-03
4.1915599999999997e-02 6.2846391076938641e-03
4.4371399999999998e-02 4.5148700022416798e-03
4.6834800000000003e-02 3.5479381777278789e-03
4.9168400000000001e-02 2.9627990649838433e-03
5.1592100000000002e-02 2.1803156699585764e-03
5.4063699999999999e-02 1.6146272368248774e-03
5.6433799999999999e-02 1.3100106729862259e-03
5.8856600000000002e-02 1.1652096787531619e-03
6.1313800000000002e-02 1.0578258789334404e-03
6.3717099999999999e-02 8.3687713999467382e-04
6.6101499999999994e-02 6.4757513211257745e-04
6.8504800000000005e-02 5.0437620255780902e-04
7.0977299999999993e-02 4.0283761588118678e-04
7.3405600000000001e-02 3.4190838627743818e-04
7.5771300000000000e-02 3.0732608981370163e-04
7.8221100000000002e-02 2.6759534423567596e-04
8.0752699999999997e-02 2.2324816852513197e-04
8.2889500000000005e-02 1.8867587764343473e-04
8.5321800000000003e-02 1.5762027913539866e-04
8.7902999999999995e-02 1.3060477743484774e-04
9.0333800000000006e-02 1.1685721664063697e-04
9.2998700000000004e-02 9.8451188711965240e-05
9.5201099999999997e-02 8.5240270558551058e-05
9.7515299999999999e-02 7.4875534459478577e-05
9.9976499999999996e-02 6.5237918076261836e-05
9.4991699999999998e-02 8.6970870295879717e-05
1.0120400000000000e-01 6.1591237974929639e-05
1.0724900000000000e-01 4.3041247916536465e-05
1.1331700000000000e-01 3.0735917693801812e-05
1.1918900000000000e-01 2.2107762138738611e-05
1.2545200000000001e-01 1.5782773016032989e-05
1.3152000000000000e-01 1.1528656321912291e-05
1.3784299999999999e-01 7.9470278629776657e-06
1.4377999999999999e-01 5.6131045704386986e-06
1.5009100000000000e-01 3.9260179662845289e-06
1.4016200000000001e-01 6.9333066582446625e-06
1.4838100000000001e-01 4.3145774403712923e-06
1.5668099999999999e-01 2.7116056400241355e-06
1.6503499999999999e-01 1.7336422201227504e-06
1.7383899999999999e-01 1.0727647449730364e-06
1.8175900000000000e-01 7.0131215202808761e-07
1.9074199999999999e-01 4.3831722289112748e-07
2.2432199999999999e-01 6.4290604977332405e-08
2.3225999999999999e-01 4.0345166045714588e-08
2.4071899999999999e-01 2.5497030001067053e-08
2.4920999999999999e-01 1.5757594303361701e-08
2.5801400000000002e-01 9.1026478497260906e-09
2.6656200000000002e-01 5.2340659498677457e-09
2.7502599999999999e-01 3.0968965792821065e-09
2.9255599999999998e-01 1.0270727091594546e-09
