# Q(A^-1)        R
7.0041900000000004e-03 9.2752487472117429e-01
7.2654399999999997e-03 9.4043685805079580e-01
7.5435600000000004e-03 9.9321648770101589e-01
7.8350799999999995e-03 9.7381934933977510e-01
8.1017999999999993e-03 9.6338025622241374e-01
8.3845800000000009e-03 9.5954359462114647e-01
8.6475700000000003e-03 9.7150555713720710e-01
8.9287099999999994e-03 9.8154859360254187e-01
9.1969400000000007e-03 9.7679035334535125e-01
9.4628100000000003e-03 9.7851076337278886e-01
9.7402900000000004e-03 9.8946336912921351e-01
1.0028900000000000e-02 9.5387501400985131e-01
1.0309600000000000e-02 9.4715661782585392e-01
1.0573300000000001e-02 9.2145246201728659e-01
1.0855000000000000e-02 9.2138906179302105e-01
1.1121900000000001e-02 9.3941758303432366e-01
1.1424500000000001e-02 9.3667618624732474e-01
1.1687299999999999e-02 9.2901832887416658e-01
1.1993000000000000e-02 9.2132941541789304e-01
1.2249899999999999e-02 9.0632365572981333e-01
1.2499200000000000e-02 8.8616415705559581e-01
1.2771800000000000e-02 8.6157235629438544e-01
1.3062100000000000e-02 8.2672432292879106e-01
1.3331600000000001e-02 7.7915046987833048e-01
1.3606699999999999e-02 7.2911049750851598e-01
1.3891000000000001e-02 6.8953763493163733e-01
1.4156100000000000e-02 6.3458362523946443e-01
1.4431599999999999e-02 5.9552245882561483e-01
1.4693299999999999e-02 5.4550784516412965e-01
1.4971500000000000e-02 5.0028108768258561e-01
1.5270799999999999e-02 4.4544665295470764e-01
1.5534100000000000e-02 3.8892659467600921e-01
1.5813700000000000e-02 3.4733659889880869e-01
1.6102399999999999e-02 3.0394399107969239e-01
1.6365700000000000e-02 2.5958353639446607e-01
1.6623800000000001e-02 2.2817098871777056e-01
1.6920399999999999e-02 1.9456006928495903e-01
1.7167300000000000e-02 1.6046297951455712e-01
1.7453600000000000e-02 1.3200511639342624e-01
1.7748900000000001e-02 1.1078981752932239e-01
1.8053000000000000e-02 9.5156578966007321e-02
1.8301800000000000e-02 8.2588487047041914e-02
1.8578500000000001e-02 7.0576945133731320e-02
1.8891100000000001e-02 5.8725846569050173e-02
1.9099600000000001e-02 5.2874222376641855e-02
1.9391499999999999e-02 4.6146443608426575e-02
1.9677000000000000e-02 4.1166925252949876e-02
1.9949000000000001e-02 3.7239912343290361e-02
2.0239199999999999e-02 3.3455389099780894e-02
2.0529800000000001e-02 3.0808788789359748e-02
2.0751700000000001e-02 2.8718489263678256e-02
2.1044500000000001e-02 2.7044342551998380e-02
2.1311900000000002e-02 2.5029104317217284e-02
2.1592299999999998e-02 2.3288712331289908e-02
2.1878800000000000e-02 2.3126806925512812e-02
2.2182500000000001e-02 2.2380451613450467e-02
2.2403400000000000e-02 2.1373394768027361e-02
2.2707000000000001e-02 2.0012209324660971e-02
2.2963000000000001e-02 1.9247393622276624e-02
2.3227500000000002e-02 1.8441624411951629e-02
2.3505200000000000e-02 1.7255548309533644e-02
2.3820899999999999e-02 1.6577839581168898e-02
2.4069500000000001e-02 1.6263896942139287e-02
2.4303999999999999e-02 1.4867170304689443e-02
2.4603699999999999e-02 1.4401711761028831e-02
2.4887699999999999e-02 1.3261837143799568e-02
2.5194899999999999e-02 1.2461428494290865e-02
2.5455800000000001e-02 1.1770212739732177e-02
2.5777700000000001e-02 1.0763902888594017e-02
2.6028099999999998e-02 1.0058213852151030e-02
2.5018499999999999e-02 1.2888165945778175e-02
2.7438799999999999e-02 7.8499144778427822e-03
2.9866699999999999e-02 4.8365049733085277e-03
3.2316600000000001e-02 3.3882811288032310e-03
3.4656199999999998e-02 2.4723711943182760e-03
3.7094099999999998e-02 1.9702574088770130e-03
3.9493300000000002e-02 1.6256566122148310e-03
4.1950599999999998e-02 1.1960732197039605e-03
4.4296700000000001e-02 9.4436623240595958e-04
4.6777699999999998e-02 7.1774419319094391e-04
4.9224200000000003e-02 5.7440231377646207e-04
5.1658999999999997e-02 4.6721418936229118e-04
5.4072799999999997e-02 3.7612697241774676e-04
5.6414400000000003e-02 3.0515183052960807e-04
5.8914099999999997e-02 2.6893076516560407e-04
6.1339499999999998e-02 2.3597966993358781e-04
6.3671500000000006e-02 1.9255446046875227e-04
6.6216499999999998e-02 1.6410877407221607e-04
6.8587200000000001e-02 1.3711841010805118e-04
7.0885400000000001e-02 1.2046346199209233e-04
7.3400099999999996e-02 1.0464403751838491e-04
7.5986499999999998e-02 9.2560306328844216e-05
7.8257900000000005e-02 8.2717617249902694e-05
8.0564800000000006e-02 7.3154838888629052e-05
8.3021999999999999e-02 6.4689330688063728e-05
8.5596199999999997e-02 5.6602049359530485e-05
8.7886599999999995e-02 5.1170299125220517e-05
9.0349899999999997e-02 4.5262239632458924e-05
9.2996499999999996e-02 4.0132046174648009e-05
9.5232999999999998e-02 3.6583702345866062e-05
9.7668900000000003e-02 3.2125558082452418e-05
1.0003400000000000e-01 3.0186443609815340e-05
9.4939300000000004e-02 3.7126694396115847e-05
1.0096800000000000e-01 2.9368514217383698e-05
1.0737700000000000e-01 2.3179163606650833e-05
1.1324500000000000e-01 1.8935261391660176e-05
1.1952599999999999e-01 1.5100019182840400e-05
1.2546700000000000e-01 1.2169432829383733e-05
1.3176900000000000e-01 9.8611262622473659e-06
1.3774400000000001e-01 8.3005495064997988e-06
1.4390600000000001e-01 6.7304936846913472e-06
1.5011700000000000e-01 5.5718749883450646e-06
1.4019599999999999e-01 7.6089976118144089e-06
1.4842600000000000e-01 5.9993201162602636e-06
1.5691500000000000e-01 4.6401956745291316e-06
1.6511000000000001e-01 3.7568018771010795e-06
1.7380499999999999e-01 3.1003574269848218e-06
1.8202099999999999e-01 2.4633976991812458e-06
1.9055700000000000e-01 2.0617922689176185e-06
1.9910300000000000e-01 1.7821939318148778e-06
2.0677899999999999e-01 1.5235682404419506e-06
2.1598200000000001e-01 1.2632604910336547e-06
2.2444600000000001e-01 1.0520322519161803e-06
2.3316799999999999e-01 9.0141526774867005e-07
2.4110300000000001e-01 8.1745518374295214e-07
2.4943599999999999e-01 7.3258763563482792e-07
2.5799400000000000e-01 6.2691907160722503e-07
2.6638699999999998e-01 5.4083664461210160e-07
2.7501500000000001e-01 4.7029915180439348e-07
2.8352699999999997e-01 4.1521009351032416e-07
