# Q(A^-1)        R
7.0103400000000003e-03 9.2200168804797500e-01
7.2784800000000004e-03 9.3609902419699920e-01
7.5466999999999999e-03 9.2353554819233363e-01
7.8212300000000002e-03 8.1087678122991269e-01
8.0985599999999994e-03 7.5373052108716243e-01
8.3856699999999996e-03 7.5799495068901956e-01
8.6497599999999994e-03 7.1613302652210054e-01
8.9390600000000004e-03 6.6571370182084832e-01
9.2121500000000005e-03 6.0979066588092568e-01
9.4943100000000006e-03 5.4574790189931821e-01
9.7591399999999995e-03 5.0363598881158944e-01
1.0022800000000000e-02 4.3869252817190069e-01
1.0298500000000000e-02 3.6306909610724269e-01
1.0596200000000000e-02 3.1004776797073552e-01
1.0850400000000000e-02 2.5892386664756900e-01
1.1124999999999999e-02 2.3697741710041081e-01
1.1387300000000000e-02 2.0009979434231367e-01
1.1675600000000000e-02 1.6049658112810172e-01
1.1950300000000001e-02 1.3116878288364112e-01
1.2237899999999999e-02 1.0864243518075244e-01
1.2501200000000001e-02 8.8019073312434928e-02
1.2773800000000000e-02 6.8599747433184061e-02
1.3069100000000000e-02 5.6397135682259986e-02
1.3338400000000000e-02 4.7528525860299792e-02
1.3622700000000000e-02 3.7689621564368482e-02
1.3883700000000001e-02 3.2039439677524921e-02
1.4166700000000001e-02 2.5432264930320719e-02
1.4455300000000001e-02 2.1014796962104482e-02
1.4708199999999999e-02 1.8329048100715738e-02
1.5000700000000000e-02 1.5938089993745918e-02
1.5268400000000000e-02 1.3464199357523212e-02
1.5533300000000000e-02 1.1680947640557070e-02
1.5828399999999999e-02 1.0460599476213101e-02
1.6091100000000001e-02 9.5454521931752582e-03
1.6375000000000001e-02 8.6310344612063709e-03
1.6608100000000001e-02 7.9577490384287828e-03
1.6937500000000001e-02 7.0509589772016898e-03
1.7183899999999998e-02 6.7978107916804777e-03
1.7464799999999999e-02 6.2558114404444778e-03
1.7724799999999999e-02 5.8286608897480090e-03
1.7995299999999999e-02 5.3889293367263471e-03
1.8267499999999999e-02 5.3141847248823464e-03
1.8578200000000000e-02 5.3512121975886444e-03
1.8856200000000000e-02 5.2546547858994047e-03
1.9095600000000001e-02 5.0267035822247870e-03
1.9371400000000000e-02 4.9369060820455349e-03
1.9677000000000000e-02 4.8965693547143724e-03
1.9910500000000001e-02 4.7493937984825329e-03
2.0225400000000001e-02 4.7546368868939589e-03
2.0486700000000000e-02 4.5926553206980395e-03
2.0764200000000000e-02 4.3611355224985526e-03
2.1066800000000000e-02 4.1174777990251711e-03
2.1313100000000001e-02 4.0993924155311142e-03
2.1586000000000001e-02 3.5568881576981369e-03
2.1917499999999999e-02 3.3951207706943948e-03
2.2165199999999999e-02 3.1675708345819033e-03
2.2452199999999999e-02 2.9220399018589560e-03
2.2672100000000001e-02 2.6697419284687006e-03
2.3022100000000000e-02 2.6888374275672441e-03
2.3240400000000001e-02 2.5971719619172330e-03
2.3532200000000000e-02 2.2640132432646077e-03
2.3768999999999998e-02 2.2527847264764839e-03
2.4036900000000000e-02 2.1144145515284750e-03
2.4347600000000000e-02 1.8933624952920378e-03
2.4619499999999999e-02 1.9797233512724140e-03
2.4895700000000000e-02 1.7277538857604282e-03
2.5186099999999999e-02 1.5840956937412409e-03
2.5456699999999999e-02 1.5476383610824520e-03
2.5693100000000000e-02 1.4324901090758014e-03
2.6015799999999999e-02 1.3346958052800318e-03
2.5003800000000000e-02 1.6672143864682304e-03
2.7431299999999999e-02 1.0544222607278763e-03
2.9860899999999999e-02 7.4991831100077279e-04
3.2236599999999997e-02 5.4162759367247504e-04
3.4691699999999999e-02 4.1366568189865144e-04
3.7105699999999998e-02 3.5332442531184859e-04
3.9511699999999997e-02 2.6579263424584561e-04
4.1875000000000002e-02 1.9910999402145160e-04
4.4362100000000002e-02 1.5603831735304876e-04
4.6817600000000001e-02 1.2265575247061611e-04
4.9176900000000003e-02 1.0418378913701684e-04
5.1678599999999998e-02 8.3755052655506217e-05
5.4040699999999997e-02 6.8385293183917875e-05
5.6459700000000002e-02 5.6591228374524350e-05
5.8894000000000002e-02 4.7834471814254376e-05
6.1302299999999997e-02 4.1309233596047623e-05
6.3660900000000006e-02 3.2883257113208738e-05
6.6151500000000002e-02 2.8043628793308094e-05
6.8608299999999997e-02 2.2923641109171719e-05
7.1024699999999996e-02 1.8625890294733872e-05
7.3450600000000005e-02 1.7234293172222370e-05
7.5708200000000003e-02 1.6564905551505332e-05
7.8225600000000006e-02 1.4624056793742256e-05
8.0701300000000004e-02 1.3073102012194583e-05
8.3044099999999996e-02 1.1496030218463872e-05
8.5624199999999998e-02 1.0515051177138379e-05
8.7930800000000003e-02 8.9101120446446985e-06
9.0355400000000002e-02 7.6519961380353940e-06
9.2865500000000004e-02 6.8427313241316749e-06
9.5271099999999997e-02 6.1675291079562719e-06
9.7552799999999995e-02 5.4954108359932795e-06
1.0007500000000000e-01 5.0116343159026276e-06
9.4835000000000003e-02 6.1950116939559393e-06
1.0114700000000000e-01 4.9829097265474129e-06
1.0715800000000000e-01 3.9882127036185316e-06
1.1321199999999999e-01 3.1123998142391632e-06
1.1922700000000000e-01 2.4809229253073127e-06
1.2576899999999999e-01 2.0150268718101018e-06
1.3786799999999999e-01 1.3516862732929825e-06
1.4388100000000001e-01 1.1521161079068125e-06
1.4005300000000001e-01 1.2533244590978669e-06
1.4852599999999999e-01 9.8962861126721575e-07
1.5677600000000000e-01 7.8495542852237972e-07
1.6558000000000000e-01 6.1673850119409449e-07
1.7369699999999999e-01 4.9799732237109431e-07
1.9028400000000001e-01 3.1476611233027745e-07
1.9892799999999999e-01 2.6716199396699705e-07
2.0746899999999999e-01 2.1334643965297898e-07
2.2376199999999999e-01 1.5750700001557848e-07
2.4122900000000000e-01 1.1188398453507294e-07
2.4923200000000001e-01 9.6254621218260881e-08
2.7464800000000000e-01 5.7208629322701312e-08
2.8335199999999999e-01 4.9742445020727964e-08
3.0038399999999998e-01 3.8836414972820421e-08
