# Q(A^-1)        R
6.9991699999999999e-03 9.2012178444835402e-01
7.2641499999999996e-03 9.8651787368820398e-01
7.5527900000000002e-03 9.9917699104369129e-01
7.8300000000000002e-03 9.9776909574754824e-01
8.1017099999999998e-03 9.9934232827391423e-01
8.3991499999999993e-03 1.0000000000000000e+00
8.6465499999999994e-03 9.9921563725683937e-01
8.9342099999999997e-03 9.9936542090095626e-01
9.1945199999999994e-03 9.9595330742813803e-01
9.4853600000000000e-03 9.7507471439382853e-01
9.7512899999999993e-03 9.4876747780802184e-01
1.0027200000000000e-02 9.4554419013785873e-01
1.0311900000000001e-02 9.4925078368814064e-01
1.0578499999999999e-02 9.2857862629160348e-01
1.0857400000000000e-02 9.0844606463104172e-01
1.1138600000000000e-02 9.0364005990416241e-01
1.1405100000000000e-02 9.2834508548728845e-01
1.1685800000000000e-02 9.1021093385243235e-01
1.1959800000000000e-02 9.4144984141329524e-01
1.2234600000000000e-02 9.6690406174671406e-01
1.2519400000000000e-02 9.6331294525166722e-01
1.2810700000000000e-02 9.4634206142775956e-01
1.3051500000000001e-02 9.4272164059069341e-01
1.3358300000000000e-02 9.4797975048432015e-01
1.3603199999999999e-02 9.2572033648042629e-01
1.3884199999999999e-02 9.2246389671005502e-01
1.4177700000000000e-02 9.0629016056987877e-01
1.4437500000000001e-02 8.9807219122065163e-01
1.4718699999999999e-02 9.2414290756078032e-01
1.4967500000000000e-02 9.4810907826729285e-01
1.5257099999999999e-02 9.5403007114235616e-01
1.5523700000000000e-02 9.6952904155441955e-01
1.5825200000000001e-02 9.9240163169547080e-01
1.6087400000000002e-02 1.0000000000000000e+00
1.6344700000000000e-02 1.0000000000000000e+00
1.6655000000000000e-02 1.0000000000000000e+00
1.6925300000000001e-02 1.0000000000000000e+00
1.7176700000000000e-02 1.0000000000000000e+00
1.7471700000000000e-02 1.0000000000000000e+00
1.7747499999999999e-02 1.0000000000000000e+00
1.8034499999999998e-02 1.0000000000000000e+00
1.8336399999999999e-02 9.9757776139088128e-01
1.8573800000000001e-02 9.6705667217890390e-01
1.8839900000000000e-02 8.8561451161629345e-01
1.9075999999999999e-02 8.2048784657064344e-01
1.9364599999999999e-02 7.5576873324922522e-01
1.9736000000000000e-02 6.5621548485593273e-01
1.9928999999999999e-02 6.0310117902755411e-01
2.0226100000000000e-02 5.2609732394217179e-01
2.0525200000000000e-02 4.5136825797940128e-01
2.0782499999999999e-02 3.9051068196856770e-01
2.1049300000000000e-02 3.1564641746700922e-01
2.1320400000000000e-02 2.7044143990851333e-01
2.1598599999999999e-02 2.1232121251491018e-01
2.1865800000000001e-02 1.8286122041097103e-01
2.2142599999999998e-02 1.5943294104016789e-01
2.2451700000000002e-02 1.2668699430603234e-01
2.2707499999999999e-02 1.0350853604072845e-01
2.2951099999999999e-02 8.9050273984843137e-02
2.3241499999999998e-02 7.5758181340457337e-02
2.3496300000000001e-02 6.3677202215895290e-02
2.3810899999999999e-02 5.4798377306625172e-02
2.4056899999999999e-02 4.7717734217769488e-02
2.4393499999999999e-02 4.2653636553394048e-02
2.4623300000000001e-02 3.8061129392014656e-02
2.4915699999999999e-02 3.5038249214595724e-02
2.5195300000000000e-02 3.2155086377438656e-02
2.5455999999999999e-02 2.9973432846923068e-02
2.5682699999999999e-02 2.8873709323763302e-02
2.6008000000000000e-02 2.6705615063681822e-02
2.5013799999999999e-02 3.4026592491751079e-02
2.7403400000000001e-02 2.0052288824858090e-02
2.9828899999999998e-02 1.2939702145145473e-02
3.2233999999999999e-02 8.4666411037917378e-03
3.4691899999999998e-02 5.8662750504147642e-03
3.7091199999999998e-02 4.5618827204620214e-03
3.9511200000000003e-02 3.6637002687268548e-03
4.1953900000000002e-02 2.7252187943842131e-03
4.4355300000000000e-02 2.0809590381249176e-03
4.6834599999999997e-02 1.5693668463399484e-03
4.9144800000000002e-02 1.3507809126396524e-03
5.1527700000000003e-02 1.0670961420600907e-03
5.4021300000000001e-02 8.5777960381424451e-04
5.6446200000000002e-02 6.7943288199746790e-04
5.8878399999999997e-02 5.8178122713947592e-04
6.1222800000000001e-02 4.9954300319707257e-04
6.3782099999999994e-02 4.2799772625219527e-04
6.6058199999999997e-02 3.6445579713830336e-04
6.8519200000000002e-02 3.0279222762792158e-04
7.1018100000000001e-02 2.6282927975822907e-04
7.3341699999999996e-02 2.2813062801707294e-04
7.5722399999999995e-02 2.1382204566097838e-04
7.8149399999999994e-02 1.9168638196627525e-04
8.0741300000000002e-02 1.6304280683282203e-04
8.3026600000000006e-02 1.4415866220975296e-04
8.5499099999999995e-02 1.3134590790286291e-04
8.7941699999999998e-02 1.1487836489393017e-04
9.0444399999999994e-02 1.0016918604738499e-04
9.2826800000000001e-02 9.0561454400263404e-05
9.5250600000000005e-02 8.1739231871724618e-05
9.7767599999999996e-02 7.1417988575731662e-05
9.9918499999999993e-02 6.5893376542666013e-05
9.5053200000000004e-02 8.3051650416854329e-05
1.0085800000000000e-01 6.2254531812180126e-05
1.0729100000000000e-01 4.8902574315156054e-05
1.1337200000000000e-01 3.8869026084276066e-05
1.1939900000000001e-01 3.1776248668408546e-05
1.2568799999999999e-01 2.5939838493466893e-05
1.3153100000000001e-01 2.1954861017775205e-05
1.3781599999999999e-01 1.8241210841465791e-05
1.4371700000000001e-01 1.5345510115001522e-05
1.4986700000000000e-01 1.2532079349987645e-05
1.4001900000000000e-01 1.6836351765712085e-05
1.4856900000000001e-01 1.2888224054299661e-05
1.5644300000000000e-01 1.0473601528950011e-05
1.6534699999999999e-01 8.3620421976051943e-06
1.7385000000000000e-01 6.8004808174762474e-06
1.8228800000000001e-01 5.6208714603540141e-06
1.9040099999999999e-01 4.7037278552912611e-06
1.9915200000000000e-01 3.9091732495814750e-06
2.0718600000000001e-01 3.2860025451321077e-06
2.1577299999999999e-01 2.7671876892919334e-06
2.2423899999999999e-01 2.3277764663356054e-06
2.3241700000000001e-01 2.0737832689058156e-06
2.4116299999999999e-01 1.8002718815028791e-06
2.4979299999999999e-01 1.5686180915495545e-06
2.5783600000000001e-01 1.3850587490576072e-06
2.6632000000000000e-01 1.1712832623091636e-06
2.7499600000000002e-01 1.0249441092776315e-06
2.8296399999999999e-01 8.9603197848442919e-07
2.9110100000000000e-01 8.1921773323540251e-07
3.0004799999999998e-01 6.9328126528489520e-07
