# Q(A^-1)        R
6.9858500000000000e-03 6.9044916881092835e-02
7.2671599999999999e-03 6.2515911283869990e-02
7.5449499999999999e-03 5.9597469710599663e-02
7.8105600000000002e-03 5.3088318104148914e-02
8.1024900000000004e-03 4.6757207233452426e-02
8.3599000000000000e-03 4.2899101825612067e-02
8.6657499999999998e-03 3.9330503096130509e-02
8.9332000000000005e-03 3.7098878849541855e-02
9.2120799999999992e-03 3.3875253837215631e-02
9.4648100000000006e-03 3.0253535913621211e-02
9.7442299999999996e-03 2.7269168888837719e-02
1.0022200000000000e-02 2.4433347717097712e-02
1.0304900000000001e-02 2.2737197610019789e-02
1.0561900000000001e-02 2.0825068427247063e-02
1.0862300000000000e-02 1.9347508093290357e-02
1.1127300000000000e-02 1.7962821283737551e-02
1.1394000000000000e-02 1.7778641969139721e-02
1.1691000000000000e-02 1.6273001762798438e-02
1.1939399999999999e-02 1.5318649025247880e-02
1.2219000000000001e-02 1.4540685751490480e-02
1.2505799999999999e-02 1.3843630449975736e-02
1.2772600000000000e-02 1.3164086019290745e-02
1.3061600000000000e-02 1.2389074624785236e-02
1.3342000000000000e-02 1.1970246866136803e-02
1.3612300000000001e-02 1.1541462237632348e-02
1.3912900000000001e-02 1.0901519550931998e-02
1.4160600000000001e-02 1.0072386651882198e-02
1.4456500000000001e-02 9.8230457051844255e-03
1.4686899999999999e-02 9.2986434812248452e-03
1.4989300000000001e-02 8.8141987035235021e-03
1.5259600000000000e-02 8.3436007069591749e-03
1.5532700000000000e-02 7.8716174846153557e-03
1.5812000000000000e-02 7.5157413378608507e-03
1.6063500000000001e-02 7.1439625581875051e-03
1.6364000000000000e-02 6.7099681416116054e-03
1.6642899999999999e-02 6.3650727798057532e-03
1.6895199999999999e-02 5.7590073691958102e-03
1.7201999999999999e-02 5.5393477026661397e-03
1.7476499999999999e-02 5.2534644683066281e-03
1.7730500000000000e-02 5.1169610669460830e-03
1.7998400000000001e-02 4.6333353669273953e-03
1.8309099999999998e-02 4.3105587664626129e-03
1.8553900000000002e-02 4.1088218743196292e-03
1.8859399999999998e-02 3.8125353855352245e-03
1.9150700000000000e-02 3.7589252588896898e-03
1.9375099999999999e-02 3.6069006360091261e-03
1.9674500000000001e-02 3.3033118563588013e-03
1.9925499999999999e-02 3.1548827050717153e-03
2.0193800000000001e-02 3.0951052528650014e-03
2.0475400000000001e-02 3.0404355933338696e-03
2.0728300000000002e-02 2.9351427144652894e-03
2.1007399999999999e-02 2.7215527315246290e-03
2.1345400000000000e-02 2.5776707061231272e-03
2.1621000000000001e-02 2.3755416486554424e-03
2.1872800000000001e-02 2.3340501174549068e-03
2.2163100000000002e-02 2.1116800828438818e-03
2.2429000000000001e-02 2.0827660576303655e-03
2.2691599999999999e-02 1.9605218216199984e-03
2.3013900000000000e-02 1.7600235748416908e-03
2.3255700000000001e-02 1.7042615533269896e-03
2.3507400000000001e-02 1.6568552177247486e-03
2.3790200000000001e-02 1.5111912096172505e-03
2.4039700000000001e-02 1.3918428292302534e-03
2.4340000000000001e-02 1.4310166768113253e-03
2.4632399999999999e-02 1.3579249274399202e-03
2.4925400000000000e-02 1.2116676696596765e-03
2.5202200000000001e-02 1.1677977148239810e-03
2.5456199999999998e-02 1.0896869821770000e-03
2.5734900000000002e-02 1.0737300273534955e-03
2.5982800000000000e-02 1.0206777633173915e-03
2.4995300000000002e-02 1.2005892381458934e-03
2.7422400000000000e-02 8.0102764421754991e-04
2.9852299999999998e-02 5.6054985974356446e-04
3.2247199999999997e-02 3.9940857182130143e-04
3.4679200000000000e-02 3.3298531376744670e-04
3.7101599999999998e-02 2.8201111165806770e-04
3.9543500000000002e-02 2.2276806391484006e-04
4.1932100000000000e-02 1.7177930651480147e-04
4.4338099999999998e-02 1.3570484744092380e-04
4.6845299999999999e-02 1.1194747467387116e-04
4.9184499999999999e-02 9.2947853109371940e-05
5.1579600000000003e-02 7.2487425678999928e-05
5.4041800000000001e-02 5.8232619186032939e-05
5.6391499999999997e-02 4.6687067177452073e-05
5.9002600000000002e-02 4.3774290247779598e-05
6.1180600000000002e-02 3.8131685488103852e-05
6.3580200000000003e-02 3.2400739636020008e-05
6.6142000000000006e-02 2.5512701955505538e-05
6.8472099999999994e-02 2.1954681642411078e-05
7.0939000000000002e-02 1.8192708522120878e-05
7.3321100000000000e-02 1.6395256020409051e-05
7.5784900000000002e-02 1.4674963707008075e-05
7.8252600000000005e-02 1.2800897600545218e-05
8.0801700000000004e-02 1.0998479400888543e-05
8.3046900000000007e-02 9.7099386432152536e-06
8.5460700000000001e-02 8.3598898164914694e-06
9.0390499999999999e-02 6.4201214527950023e-06
9.2618000000000006e-02 5.6222484660162160e-06
9.5204700000000003e-02 5.3020089714481184e-06
9.7491499999999995e-02 4.8100823223326315e-06
1.0004800000000000e-01 4.4828371485549922e-06
9.4997799999999993e-02 5.4140823122314693e-06
1.0114300000000000e-01 4.2972592367675104e-06
1.0711700000000000e-01 3.4208364938360529e-06
1.1340500000000001e-01 2.6013071274086749e-06
1.1948100000000000e-01 2.0520180610095911e-06
1.2565299999999999e-01 1.6440007672309403e-06
1.3175500000000001e-01 1.3011474322248159e-06
1.3752500000000001e-01 1.0599321089763971e-06
1.4396300000000001e-01 8.0138733784112328e-07
1.4999299999999999e-01 6.5651237121600110e-07
1.3988999999999999e-01 9.4289004725315031e-07
1.4850500000000000e-01 6.8632901961378593e-07
1.6553300000000001e-01 3.8755871884798874e-07
1.7383100000000001e-01 2.9287506559597270e-07
1.9902400000000001e-01 1.4039065417772553e-07
2.2466600000000000e-01 6.5108066012565778e-08
2.3264599999999999e-01 5.3254801643757622e-08
2.4113599999999999e-01 4.1122570293175208e-08
2.5788600000000000e-01 2.5665886125777778e-08
2.6672400000000002e-01 2.0214491667313135e-08
2.8359200000000001e-01 1.2421403198323716e-08
2.9999900000000002e-01 7.9860748481508603e-09
