# Q(A^-1)        R
6.9892000000000001e-03 9.8159126152278775e-01
7.2859500000000002e-03 1.0000000000000000e+00
7.5489399999999996e-03 1.0000000000000000e+00
7.8250600000000000e-03 1.0000000000000000e+00
8.0954800000000004e-03 1.0000000000000000e+00
8.3805300000000006e-03 1.0000000000000000e+00
8.6464100000000002e-03 1.0000000000000000e+00
8.9295899999999994e-03 1.0000000000000000e+00
9.1937000000000008e-03 1.0000000000000000e+00
9.4933799999999992e-03 1.0000000000000000e+00
9.7382800000000002e-03 1.0000000000000000e+00
1.0044500000000000e-02 1.0000000000000000e+00
1.0292300000000001e-02 9.9706137371457093e-01
1.0577200000000000e-02 9.6179002056175278e-01
1.0834900000000000e-02 9.4780159373959538e-01
1.1125599999999999e-02 9.3289131937861614e-01
1.1406299999999999e-02 9.7354621923612827e-01
1.1650700000000000e-02 9.6223173422212926e-01
1.1941800000000001e-02 9.5806975425330065e-01
1.2215600000000000e-02 9.5929067019564851e-01
1.2514100000000000e-02 9.6716825768027315e-01
1.2789900000000000e-02 9.6971075583094413e-01
1.3088799999999999e-02 9.6083609105945700e-01
1.3314800000000000e-02 9.6264003662559261e-01
1.3617100000000000e-02 9.5296175009370310e-01
1.3864800000000000e-02 9.7346641316963767e-01
1.4159800000000000e-02 9.8627575264729128e-01
1.4430900000000000e-02 9.8856479121274388e-01
1.4717400000000000e-02 9.9862514359375876e-01
1.5010600000000001e-02 1.0000000000000000e+00
1.5232400000000000e-02 1.0000000000000000e+00
1.5536700000000001e-02 1.0000000000000000e+00
1.5800300000000000e-02 1.0000000000000000e+00
1.6056500000000001e-02 1.0000000000000000e+00
1.6349900000000001e-02 1.0000000000000000e+00
1.6626499999999999e-02 1.0000000000000000e+00
1.6909199999999999e-02 1.0000000000000000e+00
1.7202300000000000e-02 1.0000000000000000e+00
1.7473300000000001e-02 1.0000000000000000e+00
1.7741000000000000e-02 1.0000000000000000e+00
1.8021100000000002e-02 1.0000000000000000e+00
1.8288499999999999e-02 1.0000000000000000e+00
1.8569499999999999e-02 1.0000000000000000e+00
1.8834300000000002e-02 1.0000000000000000e+00
1.9098000000000000e-02 1.0000000000000000e+00
1.9372600000000000e-02 1.0000000000000000e+00
1.9676699999999998e-02 1.0000000000000000e+00
1.9968400000000001e-02 1.0000000000000000e+00
2.0215000000000000e-02 1.0000000000000000e+00
2.0483899999999999e-02 1.0000000000000000e+00
2.0751100000000001e-02 1.0000000000000000e+00
2.1087399999999999e-02 9.9639767082090513e-01
2.1326800000000000e-02 9.8054471509092078e-01
2.1588599999999999e-02 9.1010021860815149e-01
2.1864000000000001e-02 8.3625574671209846e-01
2.2133600000000000e-02 7.5087240622594520e-01
2.2409599999999998e-02 6.3273892417110167e-01
2.2699199999999999e-02 5.2075199798544680e-01
2.2988800000000000e-02 4.2887910006482388e-01
2.3231300000000000e-02 3.5017586784040994e-01
2.3521199999999999e-02 2.5958583402611701e-01
2.3813000000000001e-02 1.9117195210108276e-01
2.4069500000000001e-02 1.4520722087083343e-01
2.4339699999999999e-02 1.0382911215896845e-01
2.4551699999999999e-02 8.0066083995131002e-02
2.4900400000000000e-02 5.3321563974216349e-02
2.5176199999999999e-02 3.8081405983354799e-02
2.5475100000000001e-02 2.6533355754473943e-02
2.5722100000000001e-02 2.0372708075688778e-02
2.5979400000000000e-02 1.5438847613784890e-02
2.4972299999999999e-02 4.9151012185503988e-02
2.7418300000000000e-02 5.7116331803251583e-03
2.9845799999999999e-02 2.5319124572710508e-03
3.2267700000000003e-02 2.0162048485987895e-03
3.4678300000000002e-02 1.6519798046021128e-03
3.7051899999999999e-02 1.3611508470396886e-03
3.9512199999999997e-02 1.0204522706267780e-03
4.1880800000000003e-02 7.2331012853816743e-04
4.4312400000000002e-02 5.4063283731897185e-04
4.6798699999999999e-02 4.3577292738124061e-04
4.9136600000000002e-02 3.7603649889865346e-04
5.1637200000000001e-02 2.8269968997992885e-04
5.3943999999999999e-02 2.2060382703540074e-04
5.6433100000000000e-02 1.8165259435973943e-04
5.8954399999999997e-02 1.6693453198165004e-04
6.1313199999999998e-02 1.5088784431027628e-04
6.3731700000000002e-02 1.1891204215001125e-04
6.6111000000000003e-02 8.8886441328422106e-05
6.8539000000000003e-02 6.7882578252466294e-05
7.0996799999999999e-02 5.4970571917540233e-05
7.3424100000000006e-02 4.6542672765227543e-05
7.5843700000000000e-02 4.2949816166463222e-05
7.8153700000000006e-02 3.8031165232155746e-05
8.0721100000000004e-02 3.2355700215170620e-05
8.3087300000000003e-02 2.7566618264844723e-05
8.5522500000000001e-02 2.3109915426085567e-05
8.7828900000000001e-02 2.0146405827139810e-05
9.0440199999999998e-02 1.6997304832988553e-05
9.2660500000000007e-02 1.4702243415730839e-05
9.5205399999999996e-02 1.2824364350203761e-05
9.7482100000000002e-02 1.1261529168596274e-05
1.0016400000000000e-01 9.8930063285501802e-06
9.5180600000000004e-02 1.2854844410086220e-05
1.0101400000000001e-01 9.3360205808710969e-06
1.0725200000000000e-01 6.6974169059241589e-06
1.1337400000000000e-01 5.0988864866844610e-06
1.1942200000000000e-01 3.7425505389721316e-06
1.2547900000000001e-01 2.6970407587504437e-06
1.3167300000000001e-01 1.9415643830127066e-06
1.3758999999999999e-01 1.3872856058901499e-06
1.4382400000000001e-01 9.3498285838668887e-07
1.5004400000000001e-01 6.6240702917350589e-07
1.3990700000000000e-01 1.1977889362274087e-06
1.4833800000000000e-01 7.2935658246958776e-07
1.5696900000000000e-01 4.6640734710427004e-07
1.6538200000000000e-01 3.0192578205137165e-07
1.9897500000000001e-01 5.6864909038421342e-08
2.0774300000000001e-01 3.4228716111853530e-08
2.4154600000000001e-01 5.3946649068064494e-09
2.5778800000000002e-01 2.1470909980499285e-09
2.6638299999999998e-01 1.2737183244298764e-09
2.7456900000000001e-01 7.7190853998867785e-10
2.9174000000000000e-01 2.8615360010661924e-10
