# Q(A^-1)        R
7.0042899999999998e-03 8.3663746683273554e-01
7.2664799999999996e-03 8.6397192899904374e-01
7.5667499999999997e-03 9.3135911788632719e-01
7.8224699999999998e-03 8.9860614623831558e-01
8.0928100000000006e-03 9.1611770962740025e-01
8.3674200000000004e-03 9.2898881777444120e-01
8.6618300000000006e-03 9.4899360313180814e-01
8.9311500000000005e-03 9.6128147053925772e-01
9.2068299999999992e-03 9.7011114032393220e-01
9.4754699999999997e-03 9.7339751988608758e-01
9.7477699999999994e-03 9.5478352171986014e-01
1.0031999999999999e-02 9.3395540293414148e-01
1.0302800000000001e-02 9.2986155148433414e-01
1.0598300000000000e-02 9.1265308827605940e-01
1.0859600000000001e-02 8.9862900508849863e-01
1.1146000000000000e-02 8.9119860980690102e-01
1.1415800000000000e-02 8.9522301005325822e-01
1.1690700000000000e-02 8.7514168632082057e-01
1.1927300000000000e-02 8.6912265151913992e-01
1.2241699999999999e-02 8.4516100847539488e-01
1.2500499999999999e-02 8.2584535631653888e-01
1.2803999999999999e-02 7.9291207761115579e-01
1.3060499999999999e-02 7.4801340734087640e-01
1.3340599999999999e-02 7.0528986202206501e-01
1.3615400000000000e-02 6.4977818328246151e-01
1.3890000000000000e-02 6.1322147393762683e-01
1.4149300000000000e-02 5.6191560311541577e-01
1.4418800000000001e-02 5.3671263337069519e-01
1.4730200000000001e-02 4.6693855798744932e-01
1.4976700000000001e-02 4.2651569497582614e-01
1.5281400000000001e-02 3.7617047776830570e-01
1.5532700000000000e-02 3.3718678116229689e-01
1.5813000000000001e-02 2.9514983427237884e-01
1.6087799999999999e-02 2.5147944059908445e-01
1.6360099999999999e-02 2.1315472716275680e-01
1.6624500000000000e-02 1.8450298220084715e-01
1.6900300000000000e-02 1.5197579033375219e-01
1.7188200000000001e-02 1.2743131286205026e-01
1.7444899999999999e-02 1.0905089947589001e-01
1.7726599999999999e-02 9.3193950416996879e-02
1.8043300000000002e-02 7.7400742946740819e-02
1.8275199999999998e-02 6.7577893264450462e-02
1.8534800000000001e-02 5.8899430304936509e-02
1.8856500000000002e-02 5.0780856783588325e-02
1.9133899999999999e-02 4.5072562221034090e-02
1.9398400000000000e-02 4.0707239934989217e-02
1.9671700000000000e-02 3.6910708235661505e-02
1.9981700000000002e-02 3.2622302333964931e-02
2.0209600000000001e-02 3.0100187811131527e-02
2.0459100000000001e-02 2.8983975826246035e-02
2.0758800000000001e-02 2.6475880487372597e-02
2.1005900000000001e-02 2.4204918731882796e-02
2.1324300000000001e-02 2.2318781279935262e-02
2.1597800000000000e-02 2.0777255449315100e-02
2.1895899999999999e-02 2.0461790738002257e-02
2.2135900000000000e-02 1.9612718561672585e-02
2.2437700000000001e-02 1.8209753297519379e-02
2.2707999999999999e-02 1.7398621449692474e-02
2.2956600000000001e-02 1.6681154226566425e-02
2.3234899999999999e-02 1.5767867320096593e-02
2.3542400000000002e-02 1.4914176226304275e-02
2.3822300000000001e-02 1.4006871338858857e-02
2.4086400000000001e-02 1.3116349192106712e-02
2.4312500000000001e-02 1.2684717694635930e-02
2.4624400000000001e-02 1.1579701110590620e-02
2.4891000000000000e-02 1.0729790295385420e-02
2.5197199999999999e-02 1.0157181492690617e-02
2.5418000000000000e-02 9.4790260834959773e-03
2.5706900000000001e-02 9.2502508992157936e-03
2.5984899999999998e-02 8.6939104567122817e-03
2.4980499999999999e-02 1.0532543286180727e-02
2.7422499999999999e-02 6.8487059606130874e-03
2.9814000000000000e-02 4.4048641758685650e-03
3.2231700000000002e-02 3.0775507456258758e-03
3.4678199999999999e-02 2.2830266895207674e-03
3.7114300000000003e-02 1.7770027957896375e-03
3.9472699999999999e-02 1.3598335381227074e-03
4.1825800000000003e-02 1.0082774537764311e-03
4.4321800000000001e-02 7.2060195138895717e-04
4.6748999999999999e-02 5.8583953888177915e-04
4.9164100000000002e-02 4.9395484086342859e-04
5.1549900000000003e-02 3.8270759201141529e-04
5.4043800000000003e-02 3.0407166026938365e-04
5.6616600000000003e-02 2.5020033756228993e-04
5.8827600000000001e-02 2.2853824785890427e-04
6.1400600000000000e-02 2.1429042037980324e-04
6.3786899999999994e-02 1.6963867651979819e-04
6.6085800000000000e-02 1.3134852228650383e-04
6.8558400000000005e-02 1.0248581215407983e-04
7.0922299999999994e-02 8.3151538473503353e-05
7.3311200000000007e-02 7.3324897838858901e-05
7.5764899999999996e-02 6.4403692148444760e-05
7.8228699999999998e-02 5.6987824824269583e-05
8.0691499999999999e-02 4.7832730564369456e-05
8.3001599999999995e-02 4.1114515143412316e-05
8.5650000000000004e-02 3.5162189002605118e-05
8.8068700000000000e-02 3.0082535200273725e-05
9.0405899999999997e-02 2.7417268612625471e-05
9.2891299999999996e-02 2.3826265829817287e-05
9.5338199999999998e-02 2.1035753547811702e-05
9.7636000000000001e-02 1.8865838542569176e-05
9.9981299999999995e-02 1.7023692631014456e-05
9.5074400000000003e-02 2.1583642679360498e-05
1.0107800000000000e-01 1.6199799614597756e-05
1.0724400000000001e-01 1.1836028614177749e-05
1.1337700000000001e-01 8.7155176134794173e-06
1.1938699999999999e-01 6.4994482095238092e-06
1.2559100000000001e-01 4.8059882501786924e-06
1.3186200000000001e-01 3.5290809437522422e-06
1.3795700000000000e-01 2.6310024588957807e-06
1.4386299999999999e-01 1.9061724750410032e-06
1.4993100000000001e-01 1.4253559331515396e-06
1.3991400000000001e-01 2.3749341037037947e-06
1.4867300000000000e-01 1.5132723552150690e-06
1.5655900000000000e-01 1.0526459969552660e-06
1.6543500000000000e-01 7.1300121745646570e-07
1.7360500000000001e-01 4.8613068422411594e-07
1.8228400000000000e-01 3.3087697964589492e-07
1.9039900000000001e-01 2.2871082993629222e-07
1.9897699999999999e-01 1.6063210935198695e-07
2.0702599999999999e-01 1.1041260630189820e-07
2.3265600000000000e-01 3.2975622553094537e-08
2.4068500000000001e-01 2.3221623572905593e-08
2.6609899999999997e-01 6.9863265557711179e-09
2.7476800000000001e-01 4.5727963883617775e-09
2.8355200000000003e-01 3.0078762971514210e-09
