# Q(A^-1)        R
6.9876799999999996e-03 9.5053375136689766e-01
7.2629200000000000e-03 9.3435673434224253e-01
7.5472700000000000e-03 9.9315633480428966e-01
7.8271000000000000e-03 1.0000000000000000e+00
8.1084099999999999e-03 1.0000000000000000e+00
8.3652499999999994e-03 1.0000000000000000e+00
8.6462099999999997e-03 1.0000000000000000e+00
8.9259000000000005e-03 1.0000000000000000e+00
9.2065900000000006e-03 1.0000000000000000e+00
9.4715500000000005e-03 1.0000000000000000e+00
9.7516200000000008e-03 1.0000000000000000e+00
1.0017200000000000e-02 1.0000000000000000e+00
1.0304600000000001e-02 9.9897341308090637e-01
1.0588600000000000e-02 9.9197180140611918e-01
1.0817600000000000e-02 9.9857546500782357e-01
1.1148600000000000e-02 9.8048896020043041e-01
1.1412300000000000e-02 9.9634861430595933e-01
1.1672300000000000e-02 1.0000000000000000e+00
1.1930800000000000e-02 9.8525269817235661e-01
1.2237800000000000e-02 9.6830771165324903e-01
1.2502800000000000e-02 9.6091245151991778e-01
1.2797800000000000e-02 9.5037637802965658e-01
1.3052500000000000e-02 9.2302320196937115e-01
1.3337399999999999e-02 8.6851291466102387e-01
1.3620300000000000e-02 8.2697977342907381e-01
1.3891300000000001e-02 7.7597070059593176e-01
1.4152800000000000e-02 7.3851014567752371e-01
1.4451800000000001e-02 6.9930177356506340e-01
1.4733100000000001e-02 6.3034384781420316e-01
1.4990900000000000e-02 5.8886838147880616e-01
1.5260299999999999e-02 5.3734886858164865e-01
1.5546200000000000e-02 4.8158586196190439e-01
1.5801500000000000e-02 4.3057858227244755e-01
1.6090600000000000e-02 3.6972405965804012e-01
1.6366100000000001e-02 3.1661371384137060e-01
1.6636399999999999e-02 2.7668088827666826e-01
1.6901500000000000e-02 2.4277720130428479e-01
1.7198900000000000e-02 1.9604909994672676e-01
1.7446000000000000e-02 1.6393704758347230e-01
1.7717400000000001e-02 1.3726072221904068e-01
1.7973500000000000e-02 1.1755563824376407e-01
1.8272199999999999e-02 9.8080763759647069e-02
1.8567899999999998e-02 8.1291324663434264e-02
1.8854200000000002e-02 6.7419336162235027e-02
1.9104500000000000e-02 5.8014693137734920e-02
1.9410299999999998e-02 4.8973345048770732e-02
1.9675800000000000e-02 4.2492986083528181e-02
1.9943700000000002e-02 3.7187461535754203e-02
2.0198899999999999e-02 3.3225663384946480e-02
2.0493399999999998e-02 2.9414750007231177e-02
2.0752799999999998e-02 2.6618578026374549e-02
2.1044299999999998e-02 2.4163361002350090e-02
2.1314099999999999e-02 2.1949143442359056e-02
2.1591599999999999e-02 2.1135550391424038e-02
2.1843899999999999e-02 2.0307660176498835e-02
2.2112500000000000e-02 1.9107606212522544e-02
2.2385800000000001e-02 1.8367219660889073e-02
2.2672500000000002e-02 1.7888326317428132e-02
2.2947499999999999e-02 1.7208636461893866e-02
2.3245399999999999e-02 1.6503479470202826e-02
2.3533100000000001e-02 1.5525397506126998e-02
2.3825699999999998e-02 1.4434183040198566e-02
2.4063500000000002e-02 1.4376985736285496e-02
2.4296300000000000e-02 1.3597160700776793e-02
2.4612300000000000e-02 1.2958159866959258e-02
2.4909700000000000e-02 1.1834090771774979e-02
2.5198999999999999e-02 1.1705678034200612e-02
2.5443400000000001e-02 1.1118007263573331e-02
2.5771100000000002e-02 1.0379297761896186e-02
2.6010999999999999e-02 9.8647337388155770e-03
2.5003899999999999e-02 1.1767845079832135e-02
2.7422800000000001e-02 7.8521417774500678e-03
2.9830400000000000e-02 4.9041498204470142e-03
3.2206199999999997e-02 3.3755771549096275e-03
3.4744100000000000e-02 2.3018526122229920e-03
3.7062299999999999e-02 1.9087445773559885e-03
3.9560999999999999e-02 1.5860157790603903e-03
4.1912999999999999e-02 1.2164559939510295e-03
4.4324500000000003e-02 9.2813087173354689e-04
4.6764399999999998e-02 7.2551907679696353e-04
4.9206000000000000e-02 5.8400044203989795e-04
5.1540799999999998e-02 4.9157238533264558e-04
5.4049500000000000e-02 3.7069804445022798e-04
5.6440299999999999e-02 3.0208324872217423e-04
5.8820299999999999e-02 2.6420444847579977e-04
6.1292600000000003e-02 2.3159011371126843e-04
6.3704499999999997e-02 1.9373960758935725e-04
6.6072300000000000e-02 1.6086587661641384e-04
6.8483299999999997e-02 1.3498785803846739e-04
7.0977600000000002e-02 1.1551914310802439e-04
7.3388200000000001e-02 9.8954251199448126e-05
7.5808299999999995e-02 9.0432404955910470e-05
7.8448100000000007e-02 7.8312780610062651e-05
8.0472799999999997e-02 7.0036332924471132e-05
8.2997000000000001e-02 6.0804181031274968e-05
8.5448099999999999e-02 5.3489869509230671e-05
8.8012599999999996e-02 4.6438440903046676e-05
9.0327099999999994e-02 4.1978151980606902e-05
9.2615199999999995e-02 3.7078110417634827e-05
9.5285999999999996e-02 3.2448997235013430e-05
9.7626800000000000e-02 2.8709420481236488e-05
9.9985599999999994e-02 2.6996657623683001e-05
9.4952499999999995e-02 3.3311252305004885e-05
1.0100000000000001e-01 2.5225819144204469e-05
1.0724900000000000e-01 1.9890683772876865e-05
1.1315799999999999e-01 1.6282652791038606e-05
1.1950900000000000e-01 1.2895390885689394e-05
1.2543099999999999e-01 1.0596000440970443e-05
1.3172100000000000e-01 8.4122219780531314e-06
1.3789100000000001e-01 6.8625407776904461e-06
1.4393000000000000e-01 5.2645321855456065e-06
1.4970500000000000e-01 4.2953048172206794e-06
1.4014099999999999e-01 6.1362982402410338e-06
1.4855399999999999e-01 4.4745178740040924e-06
1.5664300000000000e-01 3.4445874232343870e-06
1.6521400000000000e-01 2.6741725058036037e-06
1.7384800000000000e-01 2.1524713749003014e-06
1.8185599999999999e-01 1.6599305480935142e-06
1.9033100000000000e-01 1.3336816754016537e-06
1.9900799999999999e-01 1.0936678501386920e-06
2.0747299999999999e-01 8.6275489361672965e-07
2.1560099999999999e-01 6.9082280348248907e-07
2.2394600000000001e-01 5.6422111504127261e-07
2.3230799999999999e-01 4.6529872119986657e-07
2.4100700000000000e-01 3.8174248951841816e-07
2.4917400000000001e-01 3.2644862236878961e-07
2.7492400000000000e-01 1.7245743381139483e-07
2.9178300000000001e-01 1.1338830893099305e-07
3.0032399999999998e-01 9.6332797738796216e-08
