# Q(A^-1)        R
7.0012000000000000e-03 8.0131174196569888e-01
7.2729800000000001e-03 8.8415957859100625e-01
7.5634500000000002e-03 8.6566645504527240e-01
7.8160399999999998e-03 8.7741609849172475e-01
8.1020499999999995e-03 8.8793596105090744e-01
8.3749400000000009e-03 8.8749208150883985e-01
8.6456499999999995e-03 8.6607006838162837e-01
8.9213399999999998e-03 8.6290059063564073e-01
9.2059099999999994e-03 8.6423562448518931e-01
9.4956699999999995e-03 8.3429145893031909e-01
9.7547599999999995e-03 8.1027157085288903e-01
1.0020599999999999e-02 8.0633116379649805e-01
1.0280100000000000e-02 7.9674420866526530e-01
1.0588700000000000e-02 7.6820106178505787e-01
1.0851700000000001e-02 7.4817790861170053e-01
1.1136000000000000e-02 7.8176602762987646e-01
1.1399500000000000e-02 7.9575915701255162e-01
1.1694100000000001e-02 8.0042361714744437e-01
1.1945400000000000e-02 8.3036119152229848e-01
1.2230500000000000e-02 8.7000043726097309e-01
1.2521400000000000e-02 8.5643262623477556e-01
1.2794800000000000e-02 8.3169557339997924e-01
1.3063099999999999e-02 8.4691355531247681e-01
1.3331900000000001e-02 8.6814419170753565e-01
1.3599699999999999e-02 8.4913109666021935e-01
1.3882900000000000e-02 8.2641444052666380e-01
1.4136100000000000e-02 8.8560492192981410e-01
1.4424200000000000e-02 8.6301235040314939e-01
1.4704099999999999e-02 8.5046958883254897e-01
1.4993899999999999e-02 8.9107611073242754e-01
1.5235800000000001e-02 8.8982767356619785e-01
1.5529100000000001e-02 9.0264725711363292e-01
1.5794599999999999e-02 9.2716361894480748e-01
1.6100000000000000e-02 9.4698817431598903e-01
1.6357500000000001e-02 9.4393361265247211e-01
1.6647100000000001e-02 9.0143293631007326e-01
1.6940199999999999e-02 8.8451926201172670e-01
1.7182300000000001e-02 9.4844601334210532e-01
1.7450799999999999e-02 9.5629947623842271e-01
1.7734199999999999e-02 9.7422753636151949e-01
1.8018900000000001e-02 9.2191281033273598e-01
1.8268900000000001e-02 9.1553257672039101e-01
1.8561600000000001e-02 9.1378355955589097e-01
1.8835100000000000e-02 9.1516301954485380e-01
1.9119500000000001e-02 8.5188858153551017e-01
1.9371400000000000e-02 7.8862173225816379e-01
1.9673599999999999e-02 7.6358203643730627e-01
1.9930500000000000e-02 7.6779226162192715e-01
2.0204500000000000e-02 7.7540284013519489e-01
2.0468799999999999e-02 7.6806268384242293e-01
2.0771299999999999e-02 7.0770385280126524e-01
2.1024999999999999e-02 7.4859525120026837e-01
2.1302399999999999e-02 7.5100064167338354e-01
2.1621100000000001e-02 7.5690289043714509e-01
2.1902399999999999e-02 7.8465613767772424e-01
2.2136400000000001e-02 8.5220261617875803e-01
2.2439700000000000e-02 8.4058476469368582e-01
2.2663300000000001e-02 8.5216983867549001e-01
2.2964300000000000e-02 9.3035387779236878e-01
2.3262300000000000e-02 9.9000995487272803e-01
2.3553500000000002e-02 1.0000000000000000e+00
2.3782000000000001e-02 1.0000000000000000e+00
2.4087799999999999e-02 1.0000000000000000e+00
2.4322500000000000e-02 1.0000000000000000e+00
2.4605700000000001e-02 1.0000000000000000e+00
2.4917200000000000e-02 1.0000000000000000e+00
2.5164099999999998e-02 1.0000000000000000e+00
2.5477000000000000e-02 1.0000000000000000e+00
2.5699799999999998e-02 1.0000000000000000e+00
2.5978200000000000e-02 1.0000000000000000e+00
2.4992100000000000e-02 1.0000000000000000e+00
2.7422900000000000e-02 3.6532833517885488e-01
2.9870299999999999e-02 3.4016988032048404e-02
3.2284700000000000e-02 7.3098571510894529e-03
3.4691100000000002e-02 4.3706898359464610e-03
3.7121399999999999e-02 3.3587252911631491e-03
3.9469299999999999e-02 3.2203266629782291e-03
4.1997800000000002e-02 2.5426429029021028e-03
4.4359999999999997e-02 1.9045128239424305e-03
4.6782900000000002e-02 1.4925714734459416e-03
4.9135499999999999e-02 1.0794367293759451e-03
5.1676600000000003e-02 8.0542507340610934e-04
5.4047499999999998e-02 6.8195924926420627e-04
5.6392999999999999e-02 5.4398030328871826e-04
5.8846000000000002e-02 4.7645349594324112e-04
6.1185099999999999e-02 4.5060572561569700e-04
6.3692499999999999e-02 3.8308026118904294e-04
6.6059800000000002e-02 3.2315499530353244e-04
6.8584999999999993e-02 2.9541935752531306e-04
7.1044700000000002e-02 2.4714771933937119e-04
7.3396100000000006e-02 2.1102267514050353e-04
7.5870800000000002e-02 1.8611917315038473e-04
7.8206899999999996e-02 1.6491596658477079e-04
8.0594399999999997e-02 1.4668700819946265e-04
8.3008200000000004e-02 1.2451291434790015e-04
8.5376599999999997e-02 1.1500334948898362e-04
8.7766200000000003e-02 9.6812899228360902e-05
9.0208600000000000e-02 8.0036176559523801e-05
9.2757699999999998e-02 7.4531832441475867e-05
9.5089699999999999e-02 6.8740955203490939e-05
9.7581600000000004e-02 6.0754703443542370e-05
9.9955699999999995e-02 5.3542907175716508e-05
9.4853000000000007e-02 6.9716421391234821e-05
1.0102200000000000e-01 5.1733705073968381e-05
1.0740300000000000e-01 4.0849093076830438e-05
1.1337500000000000e-01 3.1272855509059083e-05
1.1961500000000000e-01 2.6186796064878835e-05
1.2557699999999999e-01 2.0623808029886489e-05
1.3183500000000001e-01 1.8556327346758481e-05
1.3782000000000000e-01 1.5518185324929102e-05
1.4370600000000000e-01 1.2595545997964635e-05
1.5021999999999999e-01 9.4891366396528514e-06
1.4013500000000001e-01 1.3749733245684056e-05
1.4818600000000001e-01 1.0220577824212232e-05
1.5680500000000000e-01 7.9748751820743979e-06
1.6480400000000001e-01 6.3892826768691839e-06
1.7380100000000001e-01 4.8872091988745921e-06
1.8205499999999999e-01 3.9327082906754426e-06
1.9009400000000001e-01 3.3944197165055753e-06
1.9885600000000000e-01 2.8108246960559288e-06
2.0745200000000000e-01 2.2958467308772924e-06
2.1541600000000000e-01 1.9245582055132665e-06
2.2433600000000001e-01 1.5276965536143298e-06
2.3271700000000001e-01 1.2933031664146284e-06
2.4097199999999999e-01 1.1287155126144271e-06
2.4943299999999999e-01 9.6589435884638159e-07
2.6637499999999997e-01 6.8933577672209885e-07
2.7457199999999998e-01 5.6832476914952650e-07
2.9156700000000002e-01 4.1646435821670389e-07
2.9983599999999999e-01 3.6225892626829121e-07
