# Q(A^-1)        R
7.0049999999999999e-03 8.6145518932796150e-01
7.2772399999999999e-03 8.7920653116298020e-01
7.5533199999999997e-03 9.7614237638485835e-01
7.8216899999999992e-03 9.7041580979083442e-01
8.1036700000000003e-03 9.5698161311323071e-01
8.3877299999999995e-03 9.5671677597561899e-01
8.6704699999999996e-03 9.5697481860267852e-01
8.9403599999999996e-03 9.4811178687117514e-01
9.1959399999999997e-03 9.3639047020368793e-01
9.4729099999999993e-03 9.1977731918322947e-01
9.7555899999999997e-03 8.9987876321079485e-01
1.0015899999999999e-02 8.8905582535959937e-01
1.0298600000000000e-02 8.5291915220435144e-01
1.0584200000000000e-02 8.7191927700088001e-01
1.0852000000000001e-02 8.4439879808931528e-01
1.1136600000000000e-02 8.6186749034579324e-01
1.1396500000000000e-02 8.7495001575679043e-01
1.1685700000000000e-02 8.9585149029548539e-01
1.1957600000000001e-02 9.3824437951994544e-01
1.2225200000000000e-02 9.6046661038639947e-01
1.2511500000000000e-02 9.7446825563988582e-01
1.2803500000000001e-02 9.6397793956457078e-01
1.3047100000000001e-02 9.3647894267329423e-01
1.3328800000000000e-02 9.4297669860043021e-01
1.3625000000000000e-02 9.8595051957868762e-01
1.3878800000000000e-02 9.7628378819150741e-01
1.4182000000000000e-02 9.4454415525683244e-01
1.4440300000000000e-02 9.6882045640712400e-01
1.4732000000000000e-02 9.7495097297457212e-01
1.5007200000000000e-02 9.9269733630945312e-01
1.5269700000000001e-02 9.7165490682825562e-01
1.5528600000000000e-02 9.8463654472593565e-01
1.5816700000000000e-02 1.0000000000000000e+00
1.6094600000000001e-02 1.0000000000000000e+00
1.6356099999999998e-02 9.9444880001604663e-01
1.6593100000000000e-02 9.8377586506817805e-01
1.6887200000000002e-02 9.8241732402699944e-01
1.7162199999999999e-02 9.9803336499138506e-01
1.7450700000000000e-02 9.6325696845696607e-01
1.7738799999999999e-02 9.4081987168888159e-01
1.7986499999999999e-02 9.5230220103001628e-01
1.8279000000000000e-02 9.0583175981462483e-01
1.8548800000000001e-02 9.1226241854910906e-01
1.8821200000000000e-02 9.0929463403835065e-01
1.9097699999999999e-02 8.8197696323158636e-01
1.9406300000000001e-02 8.4462239426376362e-01
1.9665300000000000e-02 8.6123373402129044e-01
1.9932300000000000e-02 8.9830526829924273e-01
2.0179200000000001e-02 8.8233546484926084e-01
2.0503600000000000e-02 8.6599854999365000e-01
2.0767299999999999e-02 8.6532107636061739e-01
2.1028800000000000e-02 9.1389269643225757e-01
2.1329799999999999e-02 9.2948143905753378e-01
2.1569700000000001e-02 9.0133866246733574e-01
2.1859400000000001e-02 9.0373861391245802e-01
2.2159499999999999e-02 9.5673828828915519e-01
2.2443200000000000e-02 9.3829298377157566e-01
2.2702000000000000e-02 9.3597533221907470e-01
2.2949299999999999e-02 9.3650707333076588e-01
2.3206000000000001e-02 9.2679718077975803e-01
2.3482300000000001e-02 9.1978259853074951e-01
2.3796700000000000e-02 8.7719651063811055e-01
2.4048199999999999e-02 8.6740940848747927e-01
2.4383700000000001e-02 8.4153324116214301e-01
2.4646600000000001e-02 8.4197229349077085e-01
2.4897200000000001e-02 8.6495463209185230e-01
2.5184399999999999e-02 8.2636307747747717e-01
2.5484500000000000e-02 8.1664110763893549e-01
2.5734500000000000e-02 7.9812480272333874e-01
2.6038400000000000e-02 7.5449989407755069e-01
2.5037799999999999e-02 8.4891999778272564e-01
2.7437000000000000e-02 5.5233653821005502e-01
2.9819300000000000e-02 1.9644912369821499e-01
3.2284000000000000e-02 7.5381324696578753e-02
3.4715700000000002e-02 4.2881217888378197e-02
3.7104600000000001e-02 2.9796598463928733e-02
3.9542500000000001e-02 2.4997532756623655e-02
4.1901200000000000e-02 1.7347945611948246e-02
4.4315899999999998e-02 1.2063745574083797e-02
4.6762999999999999e-02 9.1656541621919271e-03
4.9122800000000001e-02 7.3250728813983208e-03
5.1619600000000002e-02 5.4341973796967541e-03
5.4043099999999997e-02 4.0018104170483704e-03
5.6430800000000003e-02 3.1654352228903597e-03
5.8868200000000002e-02 2.8504548561950429e-03
6.1315399999999999e-02 2.4410083798905233e-03
6.3735500000000000e-02 1.9801504559405231e-03
6.6175399999999995e-02 1.5982999068418922e-03
6.8556400000000003e-02 1.2506760809667785e-03
7.1031200000000003e-02 1.0287234004810451e-03
7.3347300000000004e-02 8.4963154484831219e-04
7.5849600000000003e-02 7.6772448855030385e-04
7.8344300000000006e-02 6.7778139616019300e-04
8.0772300000000005e-02 5.8238264516831352e-04
8.3003499999999994e-02 5.0164466455915595e-04
8.5296899999999995e-02 4.2805212184210151e-04
8.8045200000000004e-02 3.5788458274295544e-04
9.0192999999999995e-02 3.2783168632237117e-04
9.2852500000000004e-02 2.7343011239596831e-04
9.5092700000000002e-02 2.4698502548366034e-04
9.7623799999999997e-02 2.1442599975554538e-04
9.9894200000000002e-02 1.8909145841528919e-04
9.5074400000000003e-02 2.4712880293282678e-04
1.0103200000000000e-01 1.7689959600560647e-04
1.0703400000000000e-01 1.3129349233549645e-04
1.1320800000000000e-01 9.4240082761609244e-05
1.1937600000000000e-01 6.8258767823761436e-05
1.2529799999999999e-01 5.1769746166427567e-05
1.3152200000000000e-01 3.7272992488329644e-05
1.3799500000000001e-01 2.7533793677811243e-05
1.4391899999999999e-01 2.0296248725557437e-05
1.4989400000000000e-01 1.5258459668743387e-05
1.3974200000000001e-01 2.6237606595888286e-05
1.4854300000000001e-01 1.6414815235185398e-05
1.5706400000000001e-01 1.1158980097775179e-05
1.6532300000000000e-01 7.5024606019870020e-06
1.7361199999999999e-01 5.0620380726320458e-06
1.8213499999999999e-01 3.4592760309264043e-06
1.9071500000000000e-01 2.3054210913171337e-06
1.9873700000000000e-01 1.6150986741772455e-06
2.0734100000000000e-01 1.0913177511454942e-06
2.1559700000000001e-01 7.3055360653485429e-07
2.2429299999999999e-01 4.8415943313254199e-07
2.3280100000000001e-01 3.2412646910847298e-07
2.5779999999999997e-01 1.0666120316484528e-07
2.6621600000000001e-01 6.6751999501424140e-08
2.8320499999999998e-01 2.9112670473552789e-08
2.9165200000000002e-01 1.9397480232563565e-08
