# Q(A^-1)        R
7.0012499999999997e-03 9.3383710785448470e-01
7.2698900000000002e-03 9.6632716112431782e-01
7.5554999999999997e-03 9.9754900497071963e-01
7.8303899999999996e-03 9.8222104213630146e-01
8.1026599999999994e-03 9.9483377312145649e-01
8.3561000000000000e-03 9.9880545747137683e-01
8.6558000000000000e-03 9.8218213905354079e-01
8.9275899999999991e-03 9.8085968814936175e-01
9.1861900000000003e-03 9.8215865002482283e-01
9.4710599999999999e-03 9.6851513391013155e-01
9.7484800000000003e-03 9.5503056208473591e-01
1.0037600000000001e-02 9.2517421821870338e-01
1.0307000000000000e-02 9.1776252302596306e-01
1.0578100000000000e-02 8.9709643432635888e-01
1.0847900000000001e-02 8.5232282481750032e-01
1.1135500000000000e-02 8.8560337600492633e-01
1.1413899999999999e-02 9.1201153452606765e-01
1.1684399999999999e-02 8.7767333129198344e-01
1.1969799999999999e-02 9.0691769866301031e-01
1.2234300000000000e-02 9.3749642173890058e-01
1.2520600000000000e-02 9.2927794855721479e-01
1.2793100000000000e-02 9.1581998822513988e-01
1.3069000000000001e-02 9.2086773111801989e-01
1.3336400000000000e-02 9.2192484759892701e-01
1.3615100000000000e-02 9.0987202303648096e-01
1.3886600000000001e-02 9.2471121063804573e-01
1.4151499999999999e-02 9.2182742624376335e-01
1.4431400000000000e-02 9.1000061668282428e-01
1.4691700000000000e-02 9.0765736027724508e-01
1.4998500000000000e-02 9.2656984298229317e-01
1.5254600000000000e-02 9.3875372999274653e-01
1.5550899999999999e-02 9.5689869420324003e-01
1.5826099999999999e-02 9.7486762040819441e-01
1.6100799999999998e-02 9.8712977775137511e-01
1.6376399999999999e-02 9.9052388125831892e-01
1.6656199999999999e-02 9.8641924107439249e-01
1.6918699999999998e-02 9.8547920254962984e-01
1.7198200000000000e-02 9.9717770788546356e-01
1.7447399999999998e-02 9.9984331257096737e-01
1.7741699999999999e-02 9.8063040887058606e-01
1.8025599999999999e-02 9.1125410116506744e-01
1.8273800000000000e-02 8.8365981902015833e-01
1.8591300000000002e-02 8.4340261766969138e-01
1.8855500000000001e-02 7.6313696476605586e-01
1.9128900000000001e-02 6.8653977176411640e-01
1.9386899999999999e-02 6.3631609056816874e-01
1.9682800000000000e-02 5.7689450825835298e-01
1.9952200000000000e-02 5.0947405163828263e-01
2.0164999999999999e-02 4.5711902369863289e-01
2.0493100000000000e-02 3.8463603421631931e-01
2.0771800000000000e-02 3.3695090479698170e-01
2.1068600000000000e-02 2.8614665002656298e-01
2.1291000000000001e-02 2.5832015443961015e-01
2.1586000000000001e-02 2.1156538212334003e-01
2.1869699999999999e-02 1.8417638331040595e-01
2.2154199999999999e-02 1.6724595827816990e-01
2.2409900000000000e-02 1.4574736816528960e-01
2.2709000000000000e-02 1.2205273784952732e-01
2.2933700000000001e-02 1.1062305656780179e-01
2.3246800000000001e-02 9.7805869466676798e-02
2.3484999999999999e-02 8.6553225892084487e-02
2.3791799999999998e-02 7.8690939327379070e-02
2.4079600000000000e-02 7.1138683692307872e-02
2.4353799999999998e-02 6.5533653520724239e-02
2.4663200000000000e-02 6.1799816286826466e-02
2.4883599999999999e-02 5.8922684887160390e-02
2.5157300000000000e-02 5.6195934756507769e-02
2.5456500000000000e-02 5.3335846633669720e-02
2.5689300000000002e-02 5.1948272265129124e-02
2.6010800000000001e-02 4.9259472033577882e-02
2.4997300000000000e-02 5.7714067383824390e-02
2.7332800000000001e-02 3.8581003578785043e-02
2.9896200000000001e-02 2.1479358277328584e-02
3.2278000000000001e-02 1.2370096756153484e-02
3.4681900000000002e-02 8.1734831239879627e-03
3.7070600000000002e-02 6.2750163369357202e-03
3.9493399999999998e-02 5.3799448221910628e-03
4.1989499999999999e-02 4.1159729806717173e-03
4.4392500000000001e-02 3.0525150642370276e-03
4.6674000000000000e-02 2.3073481258390751e-03
4.9250299999999997e-02 1.7971497824928412e-03
5.1671099999999998e-02 1.3791512324935974e-03
5.4034100000000002e-02 1.1327758705938985e-03
5.6387199999999998e-02 9.2205476710243599e-04
5.8904300000000000e-02 7.8647791671879500e-04
6.1238099999999997e-02 6.9168206750542507e-04
6.3718399999999994e-02 5.9563346680267446e-04
6.6021800000000005e-02 5.1400682484970689e-04
6.8453399999999998e-02 4.3721382294562060e-04
7.1043599999999998e-02 3.7066106774709840e-04
7.3430700000000002e-02 3.1867843808240393e-04
7.5881599999999993e-02 2.8658764191329388e-04
7.8314300000000003e-02 2.5373788599174728e-04
8.0561999999999995e-02 2.2039226272998770e-04
8.3150900000000000e-02 1.9633415113050416e-04
8.5362300000000002e-02 1.7260772770187841e-04
8.8009799999999999e-02 1.4942177458217412e-04
9.0347499999999997e-02 1.3318579665002377e-04
9.2853400000000003e-02 1.1972684280994922e-04
9.5072199999999996e-02 1.0958384383033580e-04
9.7618499999999997e-02 9.4672013836908281e-05
1.0006500000000000e-01 8.7491862407312169e-05
9.5118999999999995e-02 1.0945858986714338e-04
1.0113500000000000e-01 8.7529078887201670e-05
1.0723100000000001e-01 6.8362323247139891e-05
1.1324800000000000e-01 5.5616043460223312e-05
1.1953700000000000e-01 4.4221245536953910e-05
1.2571399999999999e-01 3.6734084124004201e-05
1.3169900000000001e-01 3.0356832757324868e-05
1.3785800000000001e-01 2.5464598224954961e-05
1.4399400000000001e-01 2.0801574523598085e-05
1.5007300000000001e-01 1.6917889486629233e-05
1.3994599999999999e-01 2.3576473332362654e-05
1.4846999999999999e-01 1.7671986803828773e-05
1.5687000000000001e-01 1.3835370297076151e-05
1.6536000000000001e-01 1.1158020986947490e-05
1.7351300000000000e-01 9.1707688946406283e-06
1.8225100000000000e-01 7.5622032060089652e-06
1.9058100000000000e-01 6.3819967476299784e-06
1.9874200000000000e-01 5.4193368016569366e-06
2.0719599999999999e-01 4.5524090054773854e-06
2.1589700000000001e-01 3.7744060079181605e-06
2.2441400000000000e-01 3.1445098114209163e-06
2.3205200000000001e-01 2.8152861730581125e-06
2.4104400000000001e-01 2.4130782219563234e-06
2.4915300000000001e-01 2.1282002013822956e-06
2.5813999999999998e-01 1.8428944725057041e-06
2.6642500000000002e-01 1.5632394106993569e-06
2.7496399999999999e-01 1.3796965504638214e-06
2.8327300000000000e-01 1.1748617519968267e-06
2.9158299999999998e-01 1.0580547562821662e-06
3.0010100000000001e-01 9.3668666067969752e-07
