# Q(A^-1)        R
6.9970700000000002e-03 8.2147814291056687e-01
7.2652799999999998e-03 8.5090611619086554e-01
7.5345000000000004e-03 8.8901348760735810e-01
7.8453499999999992e-03 8.6837291027369023e-01
8.1125899999999994e-03 8.8810220011402286e-01
8.3791100000000004e-03 9.0769921601032322e-01
8.6515199999999993e-03 9.1457516423495144e-01
8.9396300000000005e-03 9.3442839750997231e-01
9.1953999999999994e-03 9.4581380979074647e-01
9.4815200000000002e-03 9.3620021122625652e-01
9.7335900000000003e-03 9.2214289676417149e-01
1.0042400000000000e-02 8.9656590391115509e-01
1.0301700000000000e-02 9.1099988453507541e-01
1.0590199999999999e-02 8.9424170116882562e-01
1.0866100000000000e-02 8.9056314450190976e-01
1.1145100000000000e-02 8.9268380738338338e-01
1.1383700000000000e-02 9.1103412820034768e-01
1.1710600000000000e-02 9.2931162049784732e-01
1.1958999999999999e-02 9.6065934209582393e-01
1.2212400000000000e-02 9.6168424162647292e-01
1.2502600000000001e-02 9.6791046814042536e-01
1.2788600000000001e-02 9.8950465531936516e-01
1.3048300000000001e-02 9.7703683680033537e-01
1.3333400000000000e-02 9.5443519015618283e-01
1.3625600000000000e-02 9.5853212811867572e-01
1.3882900000000000e-02 9.4942939200926946e-01
1.4166500000000000e-02 9.1803364909609542e-01
1.4446499999999999e-02 9.2063684349944197e-01
1.4720900000000000e-02 8.6259965568086572e-01
1.4963499999999999e-02 8.3043606980165430e-01
1.5268700000000000e-02 7.7237478825502226e-01
1.5545500000000000e-02 7.4070157721934271e-01
1.5796899999999999e-02 6.9095438653495656e-01
1.6076400000000001e-02 6.1528252537042372e-01
1.6366100000000001e-02 5.5408602779775007e-01
1.6605800000000000e-02 5.0289228939510777e-01
1.6919000000000000e-02 4.0225450752333336e-01
1.7178599999999999e-02 3.6945647131155546e-01
1.7461299999999999e-02 3.1144799527603084e-01
1.7749899999999999e-02 2.5401746392129948e-01
1.8007800000000001e-02 2.2455919650127124e-01
1.8298700000000001e-02 1.8067839075318076e-01
1.8561600000000001e-02 1.5048928295334757e-01
1.8858600000000000e-02 1.2510078456661075e-01
1.9098000000000000e-02 1.0803075872432587e-01
1.9369399999999998e-02 9.2635693922603179e-02
1.9697900000000001e-02 7.7708389779831938e-02
1.9927199999999999e-02 6.7547627725052989e-02
2.0250700000000000e-02 5.5889925670551170e-02
2.0490200000000000e-02 4.9858982034287715e-02
2.0757800000000000e-02 4.4607887558531206e-02
2.1010500000000001e-02 3.9999634459013972e-02
2.1312700000000000e-02 3.5959487723674993e-02
2.1596299999999999e-02 3.2983092010385032e-02
2.1867999999999999e-02 3.1368970245502732e-02
2.2105400000000001e-02 2.9953234935076616e-02
2.2419300000000000e-02 2.7936273289294229e-02
2.2714300000000000e-02 2.7611453939260157e-02
2.2971100000000001e-02 2.6443508882965417e-02
2.3270400000000000e-02 2.4615736880523056e-02
2.3545400000000001e-02 2.3762521843712588e-02
2.3779800000000000e-02 2.2595919801209851e-02
2.4037200000000002e-02 2.0745709030615747e-02
2.4308699999999999e-02 1.9318696817488750e-02
2.4561599999999999e-02 1.8396364417770959e-02
2.4901199999999998e-02 1.7359709323639800e-02
2.5115599999999998e-02 1.6703916087132453e-02
2.5448599999999998e-02 1.5630887340883887e-02
2.5705800000000001e-02 1.5305420228426823e-02
2.6019500000000001e-02 1.3998946675168366e-02
2.5023500000000001e-02 1.6986628232281177e-02
2.7396600000000000e-02 1.1227193910437255e-02
2.9795300000000000e-02 6.9114683796833885e-03
3.2258299999999997e-02 4.3478211288805408e-03
3.4731499999999998e-02 2.9992317351603603e-03
3.7076100000000001e-02 2.3882636142575847e-03
3.9545799999999999e-02 1.8564934839556790e-03
4.1917999999999997e-02 1.4312812058161115e-03
4.4336000000000000e-02 1.0784105998189750e-03
4.6790400000000003e-02 8.6499084224948061e-04
4.9181599999999999e-02 7.2962123270748790e-04
5.1553799999999997e-02 5.6213656826654284e-04
5.3988800000000003e-02 4.2326569577511751e-04
5.6422399999999998e-02 3.5677037577922020e-04
5.8983000000000001e-02 3.1749638742718946e-04
6.1277400000000003e-02 2.8734036761143074e-04
6.3746800000000006e-02 2.2710882391860490e-04
6.6258300000000006e-02 1.7454410999980151e-04
6.8499500000000005e-02 1.3653189734511191e-04
7.0960800000000004e-02 1.0888554734832614e-04
7.3387999999999995e-02 9.5230742453994492e-05
7.5869099999999995e-02 8.5328246599100427e-05
7.8205200000000002e-02 7.5111716505835545e-05
8.0607200000000004e-02 6.3917624060850256e-05
8.3040600000000006e-02 5.5919011720131062e-05
8.5281800000000005e-02 4.7670990246504291e-05
8.7814400000000001e-02 4.0619327610499227e-05
9.0350299999999995e-02 3.6053447544552127e-05
9.2650300000000005e-02 3.0854587325357253e-05
9.5137399999999997e-02 2.6693296229078624e-05
9.7645300000000004e-02 2.3055382387157751e-05
9.9870200000000006e-02 2.0295339577814471e-05
9.5002100000000006e-02 2.6937027324925254e-05
1.0100099999999999e-01 1.9354324240547119e-05
1.0729000000000000e-01 1.3643038486643812e-05
1.1328000000000001e-01 1.0250365598011929e-05
1.1959599999999999e-01 7.2104481510171985e-06
1.2546199999999999e-01 5.5820177612571334e-06
1.3162199999999999e-01 4.1136995718860968e-06
1.4390400000000000e-01 2.0734105947723670e-06
1.4982899999999999e-01 1.5163504342212471e-06
1.4035800000000001e-01 2.5574510004464679e-06
1.4844800000000000e-01 1.6459499157830088e-06
1.7366599999999999e-01 4.7601749936095386e-07
1.8240000000000001e-01 3.1215994507387866e-07
1.9890400000000000e-01 1.3758947294195055e-07
2.0755499999999999e-01 8.8064347227467259e-08
2.1633200000000000e-01 5.5792252506701497e-08
2.2387099999999999e-01 3.7863228064810408e-08
2.7463799999999999e-01 2.6791783868577964e-09
2.8299700000000000e-01 1.6644029371638366e-09
2.9186499999999999e-01 1.0315343026431651e-09
