# Q(A^-1)        R
6.9922700000000001e-03 9.0258779717381488e-01
7.2764900000000000e-03 8.8689422595675582e-01
7.5536199999999996e-03 9.9076625004614660e-01
7.8375200000000006e-03 1.0000000000000000e+00
8.0877899999999992e-03 1.0000000000000000e+00
8.3805600000000004e-03 1.0000000000000000e+00
8.6628299999999998e-03 9.9917355261685503e-01
8.9241300000000006e-03 9.9934497375858222e-01
9.2019200000000006e-03 9.8636640950200316e-01
9.4707699999999999e-03 9.6602709634890582e-01
9.7595200000000007e-03 9.5936340620244975e-01
1.0024999999999999e-02 9.4723314380402623e-01
1.0316199999999999e-02 9.1736906925893624e-01
1.0584100000000001e-02 9.3536683671320542e-01
1.0851299999999999e-02 8.8223828041508201e-01
1.1135000000000001e-02 9.0826669132664517e-01
1.1405999999999999e-02 9.1561699549808584e-01
1.1669700000000000e-02 9.3069796197928278e-01
1.1956000000000000e-02 9.6614148215197670e-01
1.2224499999999999e-02 9.9184808375115618e-01
1.2503500000000001e-02 1.0000000000000000e+00
1.2796999999999999e-02 9.9455561623032418e-01
1.3052100000000001e-02 9.7732545981721930e-01
1.3320100000000000e-02 9.6282485083240055e-01
1.3590300000000000e-02 9.9911673821059754e-01
1.3892399999999999e-02 9.8569462328696011e-01
1.4170100000000000e-02 9.4102011532995700e-01
1.4445899999999999e-02 9.5986366158987368e-01
1.4728099999999999e-02 9.6589024658163469e-01
1.4989900000000000e-02 9.6468154262177663e-01
1.5225700000000000e-02 9.7936963463509741e-01
1.5526600000000000e-02 9.9311341255161567e-01
1.5826099999999999e-02 9.9793322928050954e-01
1.6093699999999999e-02 1.0000000000000000e+00
1.6360400000000001e-02 9.9577550539775472e-01
1.6629000000000001e-02 9.9173306424748553e-01
1.6919300000000002e-02 1.0000000000000000e+00
1.7170299999999999e-02 1.0000000000000000e+00
1.7498600000000000e-02 1.0000000000000000e+00
1.7719800000000001e-02 1.0000000000000000e+00
1.8020700000000001e-02 9.8797386435060630e-01
1.8292699999999999e-02 9.5608699163634681e-01
1.8535800000000002e-02 9.5137294423365748e-01
1.8849600000000001e-02 9.5300773627166191e-01
1.9108000000000000e-02 9.3235314441512618e-01
1.9400799999999999e-02 9.0173856088672677e-01
1.9669200000000001e-02 9.0962825180478102e-01
1.9923199999999999e-02 9.3581798900376922e-01
2.0226399999999999e-02 9.2729297233674302e-01
2.0474400000000000e-02 9.0154546025608517e-01
2.0750100000000000e-02 8.9207140046284705e-01
2.1025300000000000e-02 9.7392338428094394e-01
2.1343299999999999e-02 9.7613623520505655e-01
2.1610399999999998e-02 9.4838883727451617e-01
2.1898700000000000e-02 9.6505437000425287e-01
2.2160800000000001e-02 9.9253057765106578e-01
2.2451100000000002e-02 9.7599335420586053e-01
2.2703100000000000e-02 9.7707357128491301e-01
2.2991399999999999e-02 9.8393274612555093e-01
2.3237000000000001e-02 9.8611139642161161e-01
2.3543999999999999e-02 9.5642279391182128e-01
2.3749400000000000e-02 9.0755085733644258e-01
2.4051800000000002e-02 9.1517100968624265e-01
2.4354299999999999e-02 8.7254701208554919e-01
2.4630400000000000e-02 9.0621847420859558e-01
2.4909199999999999e-02 9.0376648479392863e-01
2.5178900000000001e-02 8.9581243215681328e-01
2.5394900000000001e-02 8.8546257551582430e-01
2.5758799999999998e-02 8.5757359263283583e-01
2.6005199999999999e-02 8.2461922781031316e-01
2.5006899999999999e-02 9.0103359461748933e-01
2.7428100000000000e-02 6.0009901759857120e-01
2.9809400000000000e-02 2.2724847625539818e-01
3.2215899999999999e-02 8.8955439814134826e-02
3.4716299999999999e-02 4.7472922791827389e-02
3.7101299999999997e-02 3.3732743528555119e-02
3.9562500000000000e-02 2.7728137737887650e-02
4.1935500000000001e-02 1.8494268987934985e-02
4.4453500000000000e-02 1.2671359845981653e-02
4.6703399999999999e-02 9.5709615276866698e-03
4.9171199999999998e-02 7.3784544392560217e-03
5.1671900000000000e-02 5.5291210008578838e-03
5.4053499999999997e-02 4.0435051687089871e-03
5.6586400000000002e-02 3.2102648217659934e-03
5.8761399999999998e-02 2.8769396336725548e-03
6.1402900000000003e-02 2.4122503241810010e-03
6.3727900000000004e-02 1.9969154949981871e-03
6.6245100000000001e-02 1.6168279162463467e-03
6.8580400000000000e-02 1.2625678191105388e-03
7.1077199999999993e-02 1.0576431818916296e-03
7.3331800000000003e-02 8.8624538320238218e-04
7.5813699999999998e-02 7.9242080850013853e-04
7.8124200000000005e-02 6.9697716212725129e-04
8.0580700000000005e-02 6.0590795678445812e-04
8.3049100000000001e-02 5.2495150806068560e-04
8.5563600000000004e-02 4.4636658602716209e-04
8.8057300000000005e-02 3.7851801082886032e-04
9.0159000000000003e-02 3.4806664413913533e-04
9.2814199999999999e-02 2.9667036621052861e-04
9.5124299999999995e-02 2.6129655080560132e-04
9.7589300000000004e-02 2.2524550823068600e-04
1.0018000000000001e-01 1.9512147484537212e-04
9.5030500000000004e-02 2.6261855689970549e-04
1.0117400000000000e-01 1.8679945602658029e-04
1.0713800000000000e-01 1.3781571756950087e-04
1.1307800000000000e-01 1.0123723237433284e-04
1.1950700000000000e-01 7.1714421234162702e-05
1.2543599999999999e-01 5.3708865785644710e-05
1.3169500000000001e-01 3.9936324514483589e-05
1.3770499999999999e-01 3.1837017802352169e-05
1.4391599999999999e-01 2.2940508356871007e-05
1.4995000000000000e-01 1.7307765243286529e-05
1.4007700000000001e-01 2.7772733119333433e-05
1.4821200000000001e-01 1.8952107224627537e-05
1.5696700000000000e-01 1.2991828711042500e-05
1.6526500000000000e-01 9.0708241373112984e-06
1.7377100000000001e-01 6.4451928076085309e-06
1.8214800000000000e-01 4.3871052565905542e-06
1.9066400000000000e-01 3.0201171105546170e-06
1.9916600000000001e-01 2.0905963971141058e-06
2.0709300000000000e-01 1.4579849150440864e-06
2.1577700000000000e-01 9.8110206452699816e-07
2.3273600000000000e-01 4.5769586390094686e-07
2.5759599999999999e-01 1.5300295042560157e-07
2.7476000000000000e-01 7.0775038466721522e-08
3.0019600000000002e-01 2.1628517643534906e-08
