# Q(A^-1)        R
6.9962899999999996e-03 9.6877524229932788e-01
7.2838900000000003e-03 9.9779815799900906e-01
7.5535500000000000e-03 9.9981695638554824e-01
7.8276700000000001e-03 1.0000000000000000e+00
8.1068100000000008e-03 1.0000000000000000e+00
8.3805000000000008e-03 1.0000000000000000e+00
8.6553700000000008e-03 1.0000000000000000e+00
8.9210299999999999e-03 1.0000000000000000e+00
9.1958200000000004e-03 9.9558017158118761e-01
9.4915399999999997e-03 9.9300498023850481e-01
9.7394400000000002e-03 9.9147422252167505e-01
1.0019900000000000e-02 9.6435452717903247e-01
1.0303700000000001e-02 9.4533194653139752e-01
1.0589100000000001e-02 9.1184891215053276e-01
1.0844700000000001e-02 9.1530113946607439e-01
1.1124200000000001e-02 9.5492912868818070e-01
1.1392100000000000e-02 9.5222153719300862e-01
1.1679500000000001e-02 9.6168779770184076e-01
1.1950400000000000e-02 9.6375226389903557e-01
1.2253300000000000e-02 9.8620294335475978e-01
1.2516500000000000e-02 9.8006847500439687e-01
1.2760100000000000e-02 9.7344215703957282e-01
1.3058500000000001e-02 9.8158475360752639e-01
1.3359899999999999e-02 9.4710998981242234e-01
1.3600299999999999e-02 9.4430715661731590e-01
1.3869500000000000e-02 9.4614829377724585e-01
1.4163400000000000e-02 9.0990396732098933e-01
1.4438400000000001e-02 9.1890425325864999e-01
1.4704500000000001e-02 9.5051449504840768e-01
1.4972900000000001e-02 9.4296784948208157e-01
1.5263799999999999e-02 9.8169662063807084e-01
1.5521000000000000e-02 9.8738980080774896e-01
1.5805799999999998e-02 9.8924025957988482e-01
1.6114799999999999e-02 1.0000000000000000e+00
1.6373100000000002e-02 1.0000000000000000e+00
1.6599699999999998e-02 1.0000000000000000e+00
1.6895199999999999e-02 1.0000000000000000e+00
1.7197199999999999e-02 1.0000000000000000e+00
1.7465700000000001e-02 1.0000000000000000e+00
1.7752100000000000e-02 1.0000000000000000e+00
1.8023800000000000e-02 1.0000000000000000e+00
1.8277100000000001e-02 1.0000000000000000e+00
1.8580099999999999e-02 1.0000000000000000e+00
1.8836200000000001e-02 9.9295564224668798e-01
1.9102700000000000e-02 9.7489719164777167e-01
1.9406300000000001e-02 9.6620385664757447e-01
1.9651600000000002e-02 9.6082560789679161e-01
1.9911100000000001e-02 9.4865319673641502e-01
2.0234499999999999e-02 9.4040355650791219e-01
2.0482899999999998e-02 9.1977425558747195e-01
2.0773400000000001e-02 9.2663878826172574e-01
2.1050400000000000e-02 9.2642183456686089e-01
2.1343800000000000e-02 9.4775567118739046e-01
2.1568600000000000e-02 9.2235030933098172e-01
2.1871300000000000e-02 9.2722291013177260e-01
2.2131800000000000e-02 9.3789969676429763e-01
2.2433900000000000e-02 9.2934501253076340e-01
2.2693800000000000e-02 9.3499582141159476e-01
2.2954900000000000e-02 9.4148907190065145e-01
2.3290900000000000e-02 9.3647384486563279e-01
2.3484100000000001e-02 9.3815425002822062e-01
2.3756900000000001e-02 9.4970338630212336e-01
2.4052000000000000e-02 9.4834934150307915e-01
2.4381799999999999e-02 9.6486975605900926e-01
2.4644099999999999e-02 9.5471654609569256e-01
2.4908500000000000e-02 9.6447447479918869e-01
2.5153900000000000e-02 9.5220303735800005e-01
2.5462599999999998e-02 9.7724813731730409e-01
2.5707799999999999e-02 9.6304930827257318e-01
2.6012700000000000e-02 8.9266339355521385e-01
2.4994300000000001e-02 9.6086594937793457e-01
2.7406500000000000e-02 6.0936799323022106e-01
2.9852400000000001e-02 2.0277473773878685e-01
3.2209500000000002e-02 8.1843083771520719e-02
3.4656899999999997e-02 4.4774652680391915e-02
3.7074200000000002e-02 3.1862083442538845e-02
3.9473000000000001e-02 2.6262610141406760e-02
4.1926100000000001e-02 1.9357806955985945e-02
4.4363199999999998e-02 1.3619629614600602e-02
4.6784699999999999e-02 9.6168416537163615e-03
4.9230900000000001e-02 7.3512469762777788e-03
5.1609799999999997e-02 5.9002174758272059e-03
5.3924699999999999e-02 4.5655919159769626e-03
5.6463100000000002e-02 3.5536778345145593e-03
5.8821100000000001e-02 3.1333900957897340e-03
6.1253000000000002e-02 2.8164088759565155e-03
6.3729400000000005e-02 2.3166173276395578e-03
6.6127599999999995e-02 2.0065082496238630e-03
6.8486199999999997e-02 1.6341248567225582e-03
7.0996400000000001e-02 1.3611823509004125e-03
7.3309700000000005e-02 1.1709825744516159e-03
7.5868900000000003e-02 1.0433612437660445e-03
7.8169400000000000e-02 9.2835192527704346e-04
8.0594700000000005e-02 7.9726978593663096e-04
8.3053699999999994e-02 7.0574178725349196e-04
8.5385500000000003e-02 6.3747074704242966e-04
8.7796399999999997e-02 5.6490519674801218e-04
9.0396699999999996e-02 5.0893125096230650e-04
9.2739600000000005e-02 4.5670451765689695e-04
9.5128099999999993e-02 4.0164695178730432e-04
9.7737400000000002e-02 3.5321932735615758e-04
9.9912500000000001e-02 3.2629816507947915e-04
9.4931000000000001e-02 4.0464961064789513e-04
1.0102100000000000e-01 3.1752647071424666e-04
1.0726400000000000e-01 2.4166949133455314e-04
1.1326100000000000e-01 1.9321880078525388e-04
1.1930399999999999e-01 1.5562904607143861e-04
1.2541300000000000e-01 1.1895013583585902e-04
1.3156899999999999e-01 9.6394838220978778e-05
1.3784600000000000e-01 7.8894249815311145e-05
1.4385100000000001e-01 6.4005496038678904e-05
1.5021200000000001e-01 5.3219198783806622e-05
1.4005600000000001e-01 7.3926474831477357e-05
1.4828300000000000e-01 5.6127459767004606e-05
1.5684200000000001e-01 4.3151061621237315e-05
1.6561899999999999e-01 3.4554779876055399e-05
1.7393500000000001e-01 2.7452735597428321e-05
1.8232200000000001e-01 2.2564457274345758e-05
1.9044800000000001e-01 1.8740351119729998e-05
1.9880300000000001e-01 1.5360396578416291e-05
2.0728700000000000e-01 1.2647474984700126e-05
2.1615599999999999e-01 1.0193410567078655e-05
2.2401499999999999e-01 8.2363456100807158e-06
2.3227000000000000e-01 7.1148298566263224e-06
2.4075500000000000e-01 6.2963725286893085e-06
2.4907499999999999e-01 5.4054399962637065e-06
2.5754199999999999e-01 4.4101176870258394e-06
2.6646799999999998e-01 3.7695665858202037e-06
2.7445300000000000e-01 3.1515746841387377e-06
2.8327400000000003e-01 2.6904002268345183e-06
2.9161599999999999e-01 2.3949077534099299e-06
2.9969200000000001e-01 2.0592624564056056e-06
