# Q(A^-1)        R
6.9897600000000002e-03 9.2007249511041267e-01
7.2639999999999996e-03 9.0790167302564972e-01
7.5557599999999999e-03 9.6867141292482428e-01
7.8241400000000003e-03 9.6306370636817096e-01
8.0928600000000003e-03 9.8909984776735205e-01
8.3753000000000005e-03 1.0000000000000000e+00
8.6478800000000002e-03 9.9280050318920499e-01
8.9103900000000007e-03 9.8870316432536665e-01
9.2029799999999995e-03 9.8270952771124975e-01
9.4829300000000005e-03 9.8309587815741695e-01
9.7439799999999993e-03 9.8917484042025960e-01
1.0041899999999999e-02 9.4094880376065293e-01
1.0323499999999999e-02 8.9871361461348120e-01
1.0583499999999999e-02 9.1467681604511553e-01
1.0856400000000000e-02 8.6421971343615955e-01
1.1147400000000000e-02 8.8306120599454907e-01
1.1397200000000000e-02 8.7725293887968703e-01
1.1680700000000000e-02 8.9472497769706205e-01
1.1954500000000000e-02 9.3822251253537214e-01
1.2232700000000001e-02 9.6769302188965156e-01
1.2492300000000000e-02 9.6934546299464541e-01
1.2788400000000000e-02 9.6260240181484347e-01
1.3036400000000000e-02 9.5963529199628983e-01
1.3315499999999999e-02 9.4704411507284181e-01
1.3606300000000000e-02 9.3147079722949599e-01
1.3892000000000000e-02 9.3593662307185421e-01
1.4187099999999999e-02 9.1598267626104246e-01
1.4436100000000000e-02 9.2114053595224232e-01
1.4713900000000000e-02 9.7756162446539308e-01
1.5013100000000000e-02 9.7703580644002941e-01
1.5258499999999999e-02 9.9237567788334102e-01
1.5534299999999999e-02 1.0000000000000000e+00
1.5821900000000000e-02 1.0000000000000000e+00
1.6116499999999999e-02 1.0000000000000000e+00
1.6345900000000000e-02 1.0000000000000000e+00
1.6612999999999999e-02 1.0000000000000000e+00
1.6918200000000001e-02 1.0000000000000000e+00
1.7185099999999998e-02 1.0000000000000000e+00
1.7491199999999998e-02 1.0000000000000000e+00
1.7748300000000002e-02 1.0000000000000000e+00
1.8010600000000002e-02 1.0000000000000000e+00
1.8267200000000001e-02 1.0000000000000000e+00
1.8569499999999999e-02 1.0000000000000000e+00
1.8839399999999999e-02 1.0000000000000000e+00
1.9133700000000000e-02 1.0000000000000000e+00
1.9398800000000001e-02 1.0000000000000000e+00
1.9688799999999999e-02 1.0000000000000000e+00
1.9966700000000000e-02 1.0000000000000000e+00
2.0232300000000002e-02 1.0000000000000000e+00
2.0511300000000000e-02 1.0000000000000000e+00
2.0757100000000001e-02 1.0000000000000000e+00
2.1052000000000001e-02 1.0000000000000000e+00
2.1345900000000001e-02 1.0000000000000000e+00
2.1581599999999999e-02 1.0000000000000000e+00
2.1908400000000001e-02 1.0000000000000000e+00
2.2135900000000000e-02 1.0000000000000000e+00
2.2419499999999998e-02 1.0000000000000000e+00
2.2692000000000000e-02 1.0000000000000000e+00
2.2953299999999999e-02 1.0000000000000000e+00
2.3277699999999998e-02 1.0000000000000000e+00
2.3492099999999998e-02 9.9004952078871356e-01
2.3829599999999999e-02 9.4333002638551644e-01
2.4039300000000000e-02 9.1535656461261838e-01
2.4356500000000000e-02 8.1718552160615099e-01
2.4575900000000001e-02 7.8749421835494382e-01
2.4901199999999998e-02 7.3070405288445195e-01
2.5214700000000000e-02 6.6981294058376517e-01
2.5428800000000001e-02 6.2437302645159265e-01
2.5703899999999998e-02 5.7916823173322496e-01
2.6026100000000000e-02 5.0732638218500747e-01
2.4958800000000000e-02 7.1973408953377294e-01
2.7416800000000002e-02 3.0362018851309169e-01
2.9874700000000001e-02 1.0955662499858947e-01
3.2311600000000003e-02 5.0847015711811626e-02
3.4642899999999997e-02 3.1927836188248765e-02
3.7096499999999998e-02 2.3818002081379790e-02
3.9573400000000002e-02 1.7956063448460676e-02
4.1880399999999998e-02 1.2108814397883309e-02
4.4374600000000000e-02 8.4770492609560315e-03
4.6781900000000001e-02 6.6513183043781796e-03
4.9082199999999999e-02 5.7451825115407522e-03
5.1597200000000003e-02 4.3603871884701799e-03
5.3928700000000003e-02 3.1493123008342009e-03
5.6489900000000003e-02 2.4751309492240508e-03
5.8872099999999997e-02 2.1895486467843066e-03
6.1251600000000003e-02 1.9060565654185427e-03
6.3640100000000005e-02 1.5139470542503773e-03
6.6098900000000002e-02 1.1938825658669259e-03
6.8491499999999997e-02 9.1903891191926499e-04
7.0912400000000000e-02 7.3180286503188752e-04
7.3515700000000003e-02 6.2493526315529060e-04
7.5766600000000003e-02 5.5755017662589758e-04
7.8103599999999995e-02 5.0638346035863577e-04
8.0599900000000002e-02 4.2144994660977782e-04
8.3040699999999995e-02 3.5462060542824984e-04
8.5518399999999994e-02 2.9333051107753962e-04
8.7760400000000002e-02 2.6303709763166256e-04
9.0245500000000006e-02 2.3426490236079706e-04
9.2922099999999994e-02 2.0015311785580851e-04
9.5033900000000004e-02 1.7605824806487437e-04
9.7622100000000003e-02 1.4873824255307453e-04
1.0014900000000000e-01 1.2965542545608104e-04
9.4797000000000006e-02 1.7847048331636750e-04
1.0113200000000000e-01 1.2434656422741176e-04
1.0734700000000000e-01 8.6106565537740165e-05
1.1344400000000000e-01 6.0706724786001274e-05
1.1951000000000001e-01 4.2072808116111713e-05
1.2566300000000000e-01 2.9662649076896362e-05
1.3162699999999999e-01 2.1405295512267542e-05
1.3762700000000000e-01 1.6318081348020769e-05
1.4388000000000001e-01 1.1152822163198959e-05
1.5010100000000001e-01 7.9286226669706520e-06
1.4016400000000001e-01 1.3779918935321908e-05
1.4856600000000000e-01 8.8194303406375602e-06
1.5673400000000001e-01 5.6595564177227899e-06
1.6492699999999999e-01 3.7696640253403280e-06
1.7383699999999999e-01 2.3259469284228173e-06
1.8190100000000001e-01 1.5055043727017759e-06
1.9052600000000000e-01 1.0125326600615623e-06
1.9899400000000000e-01 6.4831225244154248e-07
2.0734300000000000e-01 3.9779845138638733e-07
2.1565699999999999e-01 2.5111205224632450e-07
2.2409100000000001e-01 1.5803260173992969e-07
2.3266500000000001e-01 9.5305580232413696e-08
2.5822000000000001e-01 2.3576040961679298e-08
2.9188599999999998e-01 3.1689068771704613e-09
