# Q(A^-1)        R
6.9929900000000001e-03 9.2706380460461180e-01
7.2727900000000003e-03 9.5440469327408073e-01
7.5669099999999996e-03 9.9833136944651568e-01
7.8405400000000000e-03 9.9980525579426327e-01
8.1088900000000005e-03 9.9995022002902678e-01
8.3670199999999993e-03 1.0000000000000000e+00
8.6653200000000007e-03 1.0000000000000000e+00
8.9272099999999997e-03 9.9756300581841140e-01
9.2017300000000000e-03 9.8829951165057162e-01
9.4726500000000009e-03 9.7507368818518858e-01
9.7574800000000007e-03 9.6397500555959981e-01
1.0041599999999999e-02 9.4620653447869885e-01
1.0299600000000001e-02 9.1556766882166840e-01
1.0587900000000001e-02 9.2278203951736437e-01
1.0838499999999999e-02 8.6843657794401741e-01
1.1151800000000000e-02 8.8860967478016728e-01
1.1412300000000000e-02 9.1796387442230531e-01
1.1688600000000000e-02 8.9356282098729822e-01
1.1964199999999999e-02 9.1570053052581057e-01
1.2213800000000000e-02 9.3959558981561919e-01
1.2493400000000000e-02 9.4556433990966626e-01
1.2782600000000000e-02 9.3675929886074583e-01
1.3052599999999999e-02 9.2699204996311357e-01
1.3331200000000000e-02 9.2823483682430963e-01
1.3603100000000000e-02 9.3881068898089137e-01
1.3867000000000001e-02 9.6436217381643263e-01
1.4150100000000001e-02 9.3859400969942874e-01
1.4413000000000000e-02 9.4278178366727794e-01
1.4728500000000000e-02 9.3366894303943204e-01
1.4971999999999999e-02 9.3513151418673712e-01
1.5279400000000000e-02 9.6388779443425476e-01
1.5571500000000000e-02 9.9277450424463676e-01
1.5813700000000000e-02 1.0000000000000000e+00
1.6083600000000000e-02 1.0000000000000000e+00
1.6364500000000001e-02 1.0000000000000000e+00
1.6636000000000001e-02 1.0000000000000000e+00
1.6896999999999999e-02 1.0000000000000000e+00
1.7182599999999999e-02 1.0000000000000000e+00
1.7459400000000000e-02 1.0000000000000000e+00
1.7740100000000002e-02 1.0000000000000000e+00
1.7994900000000001e-02 9.6724443417756778e-01
1.8299699999999999e-02 9.4179845566764409e-01
1.8516100000000001e-02 9.2190959270957151e-01
1.8848799999999999e-02 8.3679598144904521e-01
1.9130999999999999e-02 7.5470202691756694e-01
1.9396300000000002e-02 7.0211854586630607e-01
1.9682900000000000e-02 6.4596578117359171e-01
1.9950300000000001e-02 5.7829815633804449e-01
2.0178499999999999e-02 5.1546295769409545e-01
2.0482299999999998e-02 4.3804738485892575e-01
2.0760799999999999e-02 3.9560655497957226e-01
2.1059300000000000e-02 3.4835912465206087e-01
2.1325400000000001e-02 3.0652386281457833e-01
2.1595199999999998e-02 2.5932890223344568e-01
2.1887100000000000e-02 2.2812876127484974e-01
2.2172999999999998e-02 2.0877434590037447e-01
2.2393900000000001e-02 1.8781396078714727e-01
2.2708699999999998e-02 1.5815592154259187e-01
2.2971399999999999e-02 1.4180520098828214e-01
2.3269100000000001e-02 1.2712325647445397e-01
2.3549100000000000e-02 1.1298812739716578e-01
2.3754800000000000e-02 1.0452010759506672e-01
2.4075599999999999e-02 9.5891830744089787e-02
2.4287300000000001e-02 9.0826402745784185e-02
2.4636999999999999e-02 8.3919439691147860e-02
2.4886100000000001e-02 8.1301962364392966e-02
2.5197600000000001e-02 7.7012065986033232e-02
2.5468000000000001e-02 7.3729784783284846e-02
2.5760800000000000e-02 7.3075631543230851e-02
2.5994799999999998e-02 6.9742258850955252e-02
2.4989399999999998e-02 7.9962328402479299e-02
2.7434500000000001e-02 5.5421059650479262e-02
2.9799099999999999e-02 3.2966001125178911e-02
3.2219900000000003e-02 1.9282600589059774e-02
3.4667799999999999e-02 1.2440921548152243e-02
3.7092600000000003e-02 9.7935475124583723e-03
3.9514800000000003e-02 8.7049939463710955e-03
4.1943099999999997e-02 6.8169800592586633e-03
4.4330899999999999e-02 4.9214878487671664e-03
4.6823900000000002e-02 3.6352649184458910e-03
4.9135600000000001e-02 2.8416011826205615e-03
5.1689199999999998e-02 2.1165354917335663e-03
5.4116800000000000e-02 1.6867097431252892e-03
5.6501200000000001e-02 1.3967917656830039e-03
5.8904199999999997e-02 1.2080836713490803e-03
6.1284900000000003e-02 1.0640228596082337e-03
6.3745300000000005e-02 9.2944687138915138e-04
6.6073300000000001e-02 7.9681453753549492e-04
6.8539199999999995e-02 6.8934757419889762e-04
7.0998099999999995e-02 5.9108272741595098e-04
7.3480599999999993e-02 4.9786267956685717e-04
7.5963500000000003e-02 4.4992887424676720e-04
7.8280799999999998e-02 3.9464837244223205e-04
8.0762700000000007e-02 3.3592206581148956e-04
8.3102700000000002e-02 2.9194849219391875e-04
8.5549100000000003e-02 2.5691808579975399e-04
8.7923000000000001e-02 2.1709184936168546e-04
9.0330099999999997e-02 1.9876182548133841e-04
9.2905600000000005e-02 1.7355199028048075e-04
9.5285400000000006e-02 1.5556676290302520e-04
9.7589899999999993e-02 1.3685167758675868e-04
1.0002200000000000e-01 1.2546545475274103e-04
9.4965400000000005e-02 1.5716243747835191e-04
1.0113000000000000e-01 1.2406830922188355e-04
1.0713399999999999e-01 9.8117561250347856e-05
1.1340200000000000e-01 7.6491604520042067e-05
1.1959400000000001e-01 6.2277323767516161e-05
1.2554199999999999e-01 5.1806017353077320e-05
1.3174200000000000e-01 4.1610688067875107e-05
1.3790600000000000e-01 3.4985792735920322e-05
1.4389700000000000e-01 2.8489094606324837e-05
1.4984600000000001e-01 2.3044388703125261e-05
1.4025199999999999e-01 3.2180449992098746e-05
1.4822600000000000e-01 2.3888024161287661e-05
1.5707399999999999e-01 1.8276366481387249e-05
1.6509499999999999e-01 1.4748107333881527e-05
1.7381900000000000e-01 1.1748798049904633e-05
1.8223500000000001e-01 9.6891690950573599e-06
1.9086700000000001e-01 7.8524508975149010e-06
1.9855200000000001e-01 6.7505229842321696e-06
2.0739299999999999e-01 5.5135187021352992e-06
2.1559900000000001e-01 4.4985902852578409e-06
2.2449500000000000e-01 3.6693288875742337e-06
2.3222999999999999e-01 3.1399143209729364e-06
2.4094800000000000e-01 2.6785295402711762e-06
2.4911900000000001e-01 2.3308237036462509e-06
2.6610699999999998e-01 1.6388425902767140e-06
2.7464600000000000e-01 1.3750756327813361e-06
2.8333900000000001e-01 1.1775836909303330e-06
2.9177100000000000e-01 1.0281033328210593e-06
3.0023600000000000e-01 8.8468328840463073e-07
