# Q(A^-1)        R
7.0041499999999998e-03 9.2105587173988990e-01
7.2702399999999999e-03 9.6568672896675745e-01
7.5583800000000000e-03 9.9784482363222393e-01
7.8209400000000002e-03 9.9197884442546058e-01
8.1083000000000006e-03 9.9776475608977133e-01
8.3906699999999994e-03 1.0000000000000000e+00
8.6442900000000007e-03 1.0000000000000000e+00
8.9246399999999993e-03 1.0000000000000000e+00
9.1980399999999993e-03 1.0000000000000000e+00
9.4693099999999999e-03 1.0000000000000000e+00
9.7614499999999996e-03 9.9165721681142194e-01
1.0029400000000001e-02 9.7209508805168965e-01
1.0306600000000001e-02 9.6939096002831826e-01
1.0593900000000000e-02 9.5639758595184321e-01
1.0838400000000000e-02 9.2483819296387881e-01
1.1128799999999999e-02 9.3834822762141390e-01
1.1407700000000000e-02 9.6097746136522832e-01
1.1667500000000001e-02 9.8541839978794354e-01
1.1966500000000000e-02 9.9831695408974197e-01
1.2225500000000000e-02 1.0000000000000000e+00
1.2502299999999999e-02 9.9983079120494345e-01
1.2778800000000000e-02 9.9838974069586650e-01
1.3066599999999999e-02 9.9772693248197097e-01
1.3326700000000000e-02 1.0000000000000000e+00
1.3617499999999999e-02 9.9813936271986492e-01
1.3902400000000001e-02 9.8781146024068045e-01
1.4158700000000000e-02 9.7175892026101751e-01
1.4425600000000000e-02 9.5223039538662135e-01
1.4695200000000000e-02 9.5334689705919839e-01
1.4954700000000000e-02 9.5268828081547230e-01
1.5280999999999999e-02 9.4562562536073524e-01
1.5558199999999999e-02 9.5495338799851059e-01
1.5813799999999999e-02 9.8080942372813751e-01
1.6067300000000000e-02 9.9499675513973751e-01
1.6354199999999999e-02 9.9355658540470471e-01
1.6637599999999999e-02 9.9738149378283758e-01
1.6940299999999998e-02 9.9398854123507052e-01
1.7158400000000001e-02 1.0000000000000000e+00
1.7460500000000000e-02 1.0000000000000000e+00
1.7757800000000001e-02 9.9834957154151172e-01
1.8001400000000001e-02 9.6921774004361416e-01
1.8264200000000001e-02 9.6215894908828581e-01
1.8568100000000001e-02 9.9059512919621429e-01
1.8834699999999999e-02 9.7297999022203330e-01
1.9130299999999999e-02 9.5559949877713535e-01
1.9401499999999999e-02 9.4359814471673897e-01
1.9702399999999998e-02 9.2420880402118433e-01
1.9934199999999999e-02 9.2240397499465154e-01
2.0218799999999999e-02 9.2516437194023549e-01
2.0502699999999999e-02 8.8860244615610595e-01
2.0776500000000000e-02 8.6118381069419114e-01
2.1021100000000001e-02 8.3135034220267878e-01
2.1322199999999999e-02 8.0894466011895261e-01
2.1577900000000001e-02 7.6326038742157687e-01
2.1884600000000001e-02 7.2786801959431191e-01
2.2176899999999999e-02 6.6892103378951251e-01
2.2448400000000000e-02 6.0771759807288184e-01
2.2715300000000001e-02 5.4342294952112580e-01
2.2969600000000000e-02 4.9232362570889676e-01
2.3228499999999999e-02 4.4619223864951985e-01
2.3505900000000000e-02 3.9374420758040801e-01
2.3805000000000000e-02 3.4208804547595584e-01
2.4079300000000001e-02 2.9335962706192004e-01
2.4321599999999999e-02 2.6174222724631646e-01
2.4601600000000001e-02 2.3054153899055901e-01
2.4914400000000000e-02 2.0282693729640858e-01
2.5189300000000001e-02 1.8049855582245361e-01
2.5357899999999999e-02 1.6655760657145327e-01
2.5706699999999999e-02 1.4552700929086457e-01
2.5993400000000000e-02 1.3065084641228389e-01
2.5033199999999999e-02 1.9315851330695782e-01
2.7436800000000001e-02 8.5023790953833514e-02
2.9898500000000001e-02 4.4863895820243645e-02
3.2241600000000002e-02 2.5888160961811513e-02
3.4669300000000000e-02 1.6306485852608160e-02
3.7138999999999998e-02 1.2084742619052935e-02
3.9588100000000001e-02 9.7518717645564603e-03
4.1929200000000000e-02 7.1823932301806059e-03
4.4345799999999998e-02 5.1589149242016394e-03
4.6767299999999998e-02 3.8921661666804679e-03
4.9218300000000000e-02 3.0172282566703406e-03
5.1591400000000003e-02 2.3167881530340609e-03
5.4054900000000003e-02 1.8491427621419557e-03
5.6402599999999997e-02 1.4894839763329427e-03
5.8909400000000001e-02 1.3049373489251693e-03
6.1377800000000003e-02 1.1423499086084875e-03
6.3727699999999998e-02 9.5628996239108016e-04
6.6182699999999997e-02 7.9792120569884678e-04
6.8463399999999994e-02 6.9787718024160394e-04
7.1045899999999995e-02 5.7817237759287814e-04
7.3398500000000005e-02 4.9797898499507958e-04
7.5880000000000003e-02 4.4434832916486416e-04
7.8289899999999996e-02 3.9401603824907569e-04
8.0571299999999998e-02 3.4141876836541921e-04
8.3099400000000004e-02 2.9254191939283211e-04
8.5343100000000005e-02 2.5699912393405404e-04
8.7899900000000003e-02 2.2198055392510610e-04
9.0426199999999998e-02 1.9697039973651126e-04
9.2848799999999995e-02 1.7510089619257100e-04
9.5168299999999997e-02 1.5613135836061776e-04
9.7770300000000004e-02 1.3615536471160472e-04
1.0014300000000000e-01 1.2290640090437070e-04
9.4981200000000002e-02 1.5860624733263280e-04
1.0117100000000000e-01 1.1888547681021579e-04
1.0732400000000000e-01 8.9581954008465211e-05
1.1342099999999999e-01 6.8146448920779247e-05
1.1959300000000000e-01 5.3557203035283263e-05
1.2553600000000001e-01 4.3794300358470701e-05
1.3172400000000001e-01 3.5020330669969041e-05
1.3802400000000001e-01 2.8133859579282237e-05
1.4396999999999999e-01 2.2206303700824963e-05
1.4986700000000000e-01 1.7374906014585557e-05
1.4013400000000001e-01 2.5565794133204630e-05
1.4835400000000001e-01 1.8407823683588755e-05
1.5692999999999999e-01 1.3737652483379053e-05
1.6533500000000001e-01 1.0473693150439418e-05
1.7343100000000000e-01 7.8028328527762966e-06
1.8183900000000000e-01 5.9960192876038769e-06
1.9066300000000000e-01 4.8006501741011547e-06
1.9885100000000000e-01 3.8284069352446298e-06
2.0727400000000001e-01 3.0500588786743728e-06
2.1591399999999999e-01 2.3158111467705246e-06
2.2409699999999999e-01 1.8285842252232578e-06
2.3251400000000000e-01 1.4565667485769694e-06
2.4075299999999999e-01 1.2050197203092804e-06
2.4956100000000001e-01 9.3494088628830441e-07
2.5837599999999999e-01 7.2326880551244450e-07
2.6665100000000003e-01 5.7784496108543528e-07
2.7465600000000001e-01 4.6138111928513215e-07
2.8323999999999999e-01 3.5966166821464471e-07
2.9161700000000002e-01 2.8706376322766956e-07
3.0021799999999998e-01 2.3874326871009544e-07
