# Q(A^-1)        R
6.9979100000000004e-03 9.2330948296232529e-01
7.2901299999999997e-03 9.5050444114950627e-01
7.5554999999999997e-03 9.8641780207920859e-01
7.8327499999999994e-03 9.8802378843824079e-01
8.1100100000000008e-03 9.9730166437003875e-01
8.3534600000000001e-03 1.0000000000000000e+00
8.6495700000000005e-03 1.0000000000000000e+00
8.9166100000000002e-03 1.0000000000000000e+00
9.1988299999999999e-03 1.0000000000000000e+00
9.4840299999999992e-03 1.0000000000000000e+00
9.7491499999999998e-03 9.9970544853295940e-01
1.0034000000000000e-02 9.9408265394411943e-01
1.0311400000000000e-02 9.7628209102578223e-01
1.0578000000000001e-02 9.7440125224540697e-01
1.0855600000000000e-02 9.5760167581820610e-01
1.1119100000000000e-02 9.7647896689173663e-01
1.1404100000000000e-02 9.7528562708984456e-01
1.1688000000000000e-02 9.9340383226528328e-01
1.1977399999999999e-02 1.0000000000000000e+00
1.2231600000000000e-02 1.0000000000000000e+00
1.2515800000000001e-02 1.0000000000000000e+00
1.2800199999999999e-02 1.0000000000000000e+00
1.3059200000000000e-02 1.0000000000000000e+00
1.3306800000000001e-02 1.0000000000000000e+00
1.3585900000000000e-02 1.0000000000000000e+00
1.3872199999999999e-02 9.9999341548064702e-01
1.4173300000000000e-02 9.9977981165030283e-01
1.4434499999999999e-02 9.9841090948272093e-01
1.4700100000000001e-02 9.9969417072425137e-01
1.5011500000000001e-02 9.9644918068786503e-01
1.5254700000000000e-02 9.9865827432261878e-01
1.5525300000000001e-02 1.0000000000000000e+00
1.5811200000000001e-02 1.0000000000000000e+00
1.6092800000000001e-02 1.0000000000000000e+00
1.6370400000000000e-02 1.0000000000000000e+00
1.6622000000000001e-02 1.0000000000000000e+00
1.6879100000000001e-02 1.0000000000000000e+00
1.7175800000000001e-02 1.0000000000000000e+00
1.7450600000000000e-02 1.0000000000000000e+00
1.7742000000000001e-02 1.0000000000000000e+00
1.8026100000000000e-02 1.0000000000000000e+00
1.8281100000000002e-02 1.0000000000000000e+00
1.8566699999999998e-02 1.0000000000000000e+00
1.8861699999999999e-02 1.0000000000000000e+00
1.9137800000000000e-02 1.0000000000000000e+00
1.9379400000000001e-02 1.0000000000000000e+00
1.9657700000000000e-02 1.0000000000000000e+00
1.9963800000000000e-02 1.0000000000000000e+00
2.0214200000000002e-02 1.0000000000000000e+00
2.0486500000000001e-02 1.0000000000000000e+00
2.0749600000000000e-02 1.0000000000000000e+00
2.1090299999999999e-02 1.0000000000000000e+00
2.1324200000000001e-02 1.0000000000000000e+00
2.1586399999999999e-02 1.0000000000000000e+00
2.1877500000000001e-02 1.0000000000000000e+00
2.2129699999999999e-02 9.4189465896936875e-01
2.2443899999999999e-02 8.4872099722950500e-01
2.2694700000000002e-02 7.6721970681959006e-01
2.2987400000000002e-02 6.7554766457784621e-01
2.3226500000000001e-02 6.1216641000873873e-01
2.3522700000000001e-02 5.3431868785926906e-01
2.3823700000000000e-02 4.4121490562271415e-01
2.4070600000000001e-02 3.8080901334880762e-01
2.4371199999999999e-02 3.2241621498715922e-01
2.4668400000000000e-02 2.7076566843441413e-01
2.4847399999999999e-02 2.4577049577487431e-01
2.5184200000000000e-02 2.0388447404533855e-01
2.5394300000000002e-02 1.8084736762537290e-01
2.5729700000000001e-02 1.5425130294683004e-01
2.6019400000000002e-02 1.3191813547674594e-01
2.5026699999999999e-02 2.2281089460288428e-01
2.7370300000000000e-02 8.3548322455521587e-02
2.9803900000000001e-02 4.6691188152943167e-02
3.2350799999999999e-02 2.9487243867103607e-02
3.4755399999999999e-02 1.9510026668966715e-02
3.7084199999999998e-02 1.4612248078843123e-02
3.9494300000000003e-02 1.0749426095817244e-02
4.1930000000000002e-02 7.1314084023430353e-03
4.4341100000000001e-02 4.9894887505902959e-03
4.6796299999999999e-02 3.9120709758966006e-03
4.9213199999999999e-02 3.2958731170978531e-03
5.1566300000000002e-02 2.6270999448398534e-03
5.4074400000000002e-02 1.9828226287467200e-03
5.6531100000000001e-02 1.6436120250204623e-03
5.8968500000000000e-02 1.4194890881716144e-03
6.1223399999999997e-02 1.2547647409191182e-03
6.3650700000000004e-02 9.8876016416107773e-04
6.6074700000000000e-02 7.8639439936840645e-04
6.8450700000000003e-02 6.3189184437189151e-04
7.0995100000000005e-02 4.9146275339810239e-04
7.3430200000000001e-02 4.2149222067367875e-04
7.5767600000000004e-02 3.7506309738238994e-04
7.8263399999999997e-02 3.2628613247849824e-04
8.0713999999999994e-02 2.7209284001670136e-04
8.3151000000000003e-02 2.3208052032694750e-04
8.5536200000000007e-02 1.9819267227086561e-04
8.7937100000000004e-02 1.6721814681186576e-04
9.0343400000000004e-02 1.5453637939380756e-04
9.2716000000000007e-02 1.3671353322510649e-04
9.5214999999999994e-02 1.1436237588744334e-04
9.7576999999999997e-02 1.0267629542133153e-04
9.9897700000000006e-02 9.0105560204865561e-05
9.5047000000000006e-02 1.1630672538368024e-04
1.0105699999999999e-01 8.6791136042042597e-05
1.0703200000000000e-01 6.4336753984534708e-05
1.1353900000000000e-01 4.6252090511979019e-05
1.1960100000000000e-01 3.3941498366194415e-05
1.2545400000000001e-01 2.6007998482917004e-05
1.3149500000000000e-01 1.8844740698452620e-05
1.3777500000000001e-01 1.4358831885054539e-05
1.4422399999999999e-01 1.0183464333997397e-05
1.4994499999999999e-01 7.5532035469226314e-06
1.4007500000000001e-01 1.2453022318843321e-05
1.4840900000000001e-01 8.2657542340428136e-06
1.5688500000000000e-01 5.3979234914067963e-06
1.6548599999999999e-01 3.6596974573766237e-06
1.7352100000000001e-01 2.5258555217884273e-06
1.8216299999999999e-01 1.7134549293744604e-06
1.9054399999999999e-01 1.2218430845542322e-06
1.9883500000000001e-01 8.3533240030313708e-07
2.0729000000000000e-01 5.6056506758766891e-07
2.1596899999999999e-01 3.7108965800540121e-07
2.3277999999999999e-01 1.7087829326111594e-07
2.4121400000000001e-01 1.1312066786501347e-07
2.5762600000000002e-01 5.2922962750841224e-08
2.6628000000000002e-01 3.4416170548969130e-08
2.8341499999999997e-01 1.4819228075715440e-08
