# Q(A^-1)        R
6.9962200000000000e-03 9.5819705255179011e-01
7.2700600000000001e-03 9.9867844466045907e-01
7.5382299999999999e-03 1.0000000000000000e+00
7.8380299999999993e-03 1.0000000000000000e+00
8.1092999999999998e-03 1.0000000000000000e+00
8.3747300000000004e-03 1.0000000000000000e+00
8.6414100000000004e-03 1.0000000000000000e+00
8.9291400000000003e-03 1.0000000000000000e+00
9.2000299999999997e-03 1.0000000000000000e+00
9.4820600000000005e-03 1.0000000000000000e+00
9.7475300000000008e-03 1.0000000000000000e+00
1.0018700000000000e-02 1.0000000000000000e+00
1.0296700000000001e-02 1.0000000000000000e+00
1.0567699999999999e-02 1.0000000000000000e+00
1.0849200000000000e-02 9.9938371659539260e-01
1.1138300000000000e-02 9.4805767736483293e-01
1.1415600000000000e-02 8.9559492283984887e-01
1.1669000000000001e-02 8.5632936365448087e-01
1.1945400000000000e-02 8.5239579318828107e-01
1.2220099999999999e-02 8.1510813721281050e-01
1.2514800000000000e-02 8.0166649482357710e-01
1.2792599999999999e-02 7.5080578275148813e-01
1.3051300000000000e-02 6.5518794066273345e-01
1.3340299999999999e-02 6.4150433449795541e-01
1.3611000000000000e-02 5.9199847725402466e-01
1.3874900000000001e-02 5.5272998712519106e-01
1.4161500000000000e-02 5.0058005828650720e-01
1.4435999999999999e-02 4.1710679104069776e-01
1.4704900000000000e-02 3.9368106893644439e-01
1.5007100000000001e-02 3.4007732184898504e-01
1.5254900000000000e-02 2.8967633468233744e-01
1.5540099999999999e-02 2.5460949918190390e-01
1.5792600000000000e-02 2.3282941360688966e-01
1.6080899999999999e-02 1.9785802619305590e-01
1.6353800000000002e-02 1.7047767795095514e-01
1.6614199999999999e-02 1.5869774047655497e-01
1.6961199999999999e-02 1.2191186072447678e-01
1.7197100000000000e-02 1.1864539494129639e-01
1.7469200000000001e-02 1.0390884256650461e-01
1.7765500000000000e-02 8.2730926952836153e-02
1.8022400000000001e-02 7.1883753553054153e-02
1.8254400000000000e-02 6.2786129909866553e-02
1.8562200000000001e-02 5.6515833235333900e-02
1.8820199999999999e-02 5.0506322515669222e-02
1.9116600000000001e-02 4.3179192559191525e-02
1.9410000000000000e-02 3.8362009660258614e-02
1.9635300000000001e-02 3.5703691369748020e-02
1.9957099999999998e-02 3.1735209435850079e-02
2.0215400000000001e-02 2.8981676591390733e-02
2.0490800000000000e-02 2.7676390594870887e-02
2.0772100000000002e-02 2.5490265100771480e-02
2.1071599999999999e-02 2.3245677484264107e-02
2.1323499999999999e-02 2.1590814813261645e-02
2.1590000000000002e-02 1.7183922178160196e-02
2.1850300000000000e-02 1.6868795884447230e-02
2.2162800000000000e-02 1.6312164521583818e-02
2.2431099999999999e-02 1.3663028564909183e-02
2.2647700000000000e-02 1.1936654298300372e-02
2.3005700000000000e-02 1.0685151726662250e-02
2.3217499999999999e-02 1.0227718516930865e-02
2.3513400000000000e-02 9.6305795546758367e-03
2.3753900000000001e-02 8.9937371495215617e-03
2.4050599999999998e-02 7.7546545935537701e-03
2.4322500000000000e-02 7.4472762081810384e-03
2.4624400000000001e-02 5.9811865471856834e-03
2.4907900000000000e-02 5.4278167964007563e-03
2.5154699999999999e-02 5.4654933816422144e-03
2.5401000000000000e-02 4.9866392239277506e-03
2.5723699999999999e-02 4.4653743618138153e-03
2.5986400000000000e-02 4.0419483701222541e-03
2.4966100000000001e-02 5.4162385574715258e-03
2.7385400000000001e-02 3.0135589536319667e-03
2.9853100000000000e-02 2.1091319382571185e-03
3.2274799999999999e-02 1.4443280317343072e-03
3.4667700000000003e-02 1.1416931984881856e-03
3.7117700000000003e-02 8.7560208429898702e-04
3.9493100000000003e-02 6.3472748775878645e-04
4.1969199999999998e-02 4.0003364047631337e-04
4.4397199999999998e-02 2.3989090873118533e-04
4.6812899999999998e-02 1.7486704253475045e-04
4.9223200000000002e-02 1.2908980831077808e-04
5.1598900000000003e-02 8.3636773287291456e-05
5.4023700000000001e-02 5.4697192527001206e-05
5.6490400000000003e-02 3.7352070642291859e-05
5.8849100000000001e-02 2.7223202110828928e-05
6.1307899999999999e-02 2.0664520193046791e-05
6.3704200000000002e-02 1.2920740575270120e-05
6.6165600000000005e-02 7.6343140342302877e-06
6.8597300000000000e-02 4.7620839042403894e-06
7.0920899999999995e-02 3.4098669894316621e-06
7.3326600000000006e-02 2.3337507133266030e-06
7.5770699999999996e-02 1.8217929676245007e-06
7.8220899999999996e-02 1.3425447726068610e-06
8.3159600000000000e-02 7.0922823374166231e-07
8.8018200000000005e-02 4.8636293960557005e-07
9.0364000000000000e-02 4.2491985124586276e-07
9.2721700000000004e-02 3.5912706418330545e-07
9.5172599999999996e-02 3.0227914558334736e-07
9.7591200000000003e-02 2.6188349163027237e-07
9.9992300000000006e-02 2.4420772126640021e-07
1.1945600000000001e-01 1.1711035735913655e-07
1.2568399999999999e-01 9.8123400325051547e-08
1.3756399999999999e-01 6.2337457821544152e-08
1.4999699999999999e-01 3.5039009063914757e-08
1.4003499999999999e-01 5.2754147498525868e-08
1.4860899999999999e-01 3.5594819137272867e-08
1.5697600000000000e-01 2.7551583545618060e-08
1.7353099999999999e-01 1.4821133353081983e-08
1.8220800000000001e-01 1.1071509402146926e-08
1.9887800000000000e-01 6.1971531633339430e-09
2.0736700000000000e-01 4.3457782914315803e-09
2.1585299999999999e-01 3.1342311320579610e-09
2.3286200000000001e-01 1.7511807814083218e-09
2.4926200000000001e-01 9.7428696705315800e-10
2.5787700000000002e-01 6.6390430295304448e-10
2.6650099999999999e-01 4.3848388397175066e-10
2.7464300000000003e-01 3.3241737719130718e-10
