# Q(A^-1)        R
7.0053700000000003e-03 8.6639612462963633e-01
7.2762900000000004e-03 9.2641976774748303e-01
7.5595599999999999e-03 9.0683507218350679e-01
7.8227599999999998e-03 8.9137551245512825e-01
8.0987699999999999e-03 9.3251699317209913e-01
8.3824499999999996e-03 9.6110524414697041e-01
8.6421199999999997e-03 9.7313731289203775e-01
8.9250300000000005e-03 9.4109237221366848e-01
9.1916199999999993e-03 9.2504632536682219e-01
9.4666899999999998e-03 9.3844247699839656e-01
9.7620699999999994e-03 9.0873607337644535e-01
1.0029000000000000e-02 9.1336849692747080e-01
1.0308700000000001e-02 8.6455691423101211e-01
1.0578400000000000e-02 8.6390262141075957e-01
1.0849800000000000e-02 8.2594803711433040e-01
1.1137599999999999e-02 8.6855673133547784e-01
1.1402600000000001e-02 9.0681222285393603e-01
1.1675400000000001e-02 9.1686326362090198e-01
1.1937200000000000e-02 9.4046245871868006e-01
1.2229500000000001e-02 9.4017630283861042e-01
1.2468999999999999e-02 9.3963859694082297e-01
1.2786199999999999e-02 9.5045709713655069e-01
1.3077399999999999e-02 9.4939518788509492e-01
1.3371500000000000e-02 9.5488108975168839e-01
1.3615900000000000e-02 9.2924491405523502e-01
1.3913000000000000e-02 9.5710103629653587e-01
1.4145400000000001e-02 9.4642207789703925e-01
1.4429800000000000e-02 9.7994423685509668e-01
1.4701900000000000e-02 9.7023976282148838e-01
1.4971200000000000e-02 9.9111727037183206e-01
1.5286700000000000e-02 9.9759352960145353e-01
1.5553500000000000e-02 9.9899601496983481e-01
1.5810600000000001e-02 1.0000000000000000e+00
1.6122500000000001e-02 1.0000000000000000e+00
1.6384500000000000e-02 1.0000000000000000e+00
1.6644500000000000e-02 9.9741245792757061e-01
1.6919300000000002e-02 9.9392129052586053e-01
1.7188900000000000e-02 1.0000000000000000e+00
1.7440000000000001e-02 1.0000000000000000e+00
1.7769099999999999e-02 9.8811065906977080e-01
1.8040500000000001e-02 9.7891020836863385e-01
1.8279000000000000e-02 9.7507843421914142e-01
1.8550100000000000e-02 9.4182006924001405e-01
1.8817799999999999e-02 9.5551926593599013e-01
1.9133500000000001e-02 9.1790300076465337e-01
1.9398200000000001e-02 9.1011104032577528e-01
1.9641100000000002e-02 9.3768208771192929e-01
1.9975799999999998e-02 9.0937801956564612e-01
2.0238400000000000e-02 8.7747994630908910e-01
2.0476299999999999e-02 9.1033100914695131e-01
2.0786499999999999e-02 9.1585597033659671e-01
2.1057400000000000e-02 9.1296182650066915e-01
2.1329000000000001e-02 9.2631606504942199e-01
2.1547699999999999e-02 9.3393720391042179e-01
2.1836299999999999e-02 9.8020184652117726e-01
2.2128700000000001e-02 1.0000000000000000e+00
2.2437300000000000e-02 1.0000000000000000e+00
2.2676300000000000e-02 1.0000000000000000e+00
2.3004600000000000e-02 1.0000000000000000e+00
2.3228599999999999e-02 1.0000000000000000e+00
2.3544200000000001e-02 1.0000000000000000e+00
2.3789000000000001e-02 1.0000000000000000e+00
2.4060700000000001e-02 1.0000000000000000e+00
2.4357899999999998e-02 1.0000000000000000e+00
2.4618299999999999e-02 1.0000000000000000e+00
2.4861600000000001e-02 1.0000000000000000e+00
2.5197000000000001e-02 1.0000000000000000e+00
2.5464400000000002e-02 9.7253060994527729e-01
2.5732300000000000e-02 8.8630770974533002e-01
2.5991000000000000e-02 7.6900795021053359e-01
2.5001499999999999e-02 1.0000000000000000e+00
2.7409800000000002e-02 2.1554487497947861e-01
2.9829200000000000e-02 1.7916789920074675e-02
3.2253900000000002e-02 3.9991007385471958e-03
3.4673099999999998e-02 2.4862025929193996e-03
3.7086800000000003e-02 2.0261761758395935e-03
3.9516599999999999e-02 1.7876803432046130e-03
4.1989199999999997e-02 1.4020957072088420e-03
4.4363100000000003e-02 1.0380635827850113e-03
4.6863599999999998e-02 7.9375656866349092e-04
4.9209299999999997e-02 6.5567994587218379e-04
5.1553599999999998e-02 4.8416818755396248e-04
5.4048800000000001e-02 3.9684749502189097e-04
5.6507900000000000e-02 3.2490651121947959e-04
5.8940800000000002e-02 2.9608339998748361e-04
6.1371599999999998e-02 2.7095464728730715e-04
6.3702800000000004e-02 2.2514383350700853e-04
6.6237599999999994e-02 1.7784623774846710e-04
6.8537100000000004e-02 1.4916404414517858e-04
7.1024500000000004e-02 1.2303167389007591e-04
7.3355299999999998e-02 1.0832151779535723e-04
7.5800000000000006e-02 9.3109454850676078e-05
7.8187699999999999e-02 8.0705104906000168e-05
8.0764600000000006e-02 6.8939721816159644e-05
8.3158200000000002e-02 5.9049644989786376e-05
8.5516999999999996e-02 5.1842069587021227e-05
8.7742899999999999e-02 4.5244777361067656e-05
9.0427999999999994e-02 3.8472998536647343e-05
9.2767699999999995e-02 3.5069435281102597e-05
9.5026399999999997e-02 3.0857374459879675e-05
9.7560900000000006e-02 2.8402377369490389e-05
9.9991899999999995e-02 2.4545788932629559e-05
9.4969399999999995e-02 3.0988876663697333e-05
1.0105500000000001e-01 2.4277697999797607e-05
1.0724100000000000e-01 1.8976992045757848e-05
1.1326500000000000e-01 1.5187215708610656e-05
1.1953800000000001e-01 1.1107693733155545e-05
1.2549900000000000e-01 8.6852963759803836e-06
1.3172300000000001e-01 6.6153108372977510e-06
1.3781399999999999e-01 5.1543764721830781e-06
1.4393200000000000e-01 4.0108252300207532e-06
1.4993300000000001e-01 3.1775436725535395e-06
1.3993400000000000e-01 4.8126544552934640e-06
1.4855699999999999e-01 3.2193582574440821e-06
1.5682399999999999e-01 2.3603140707823697e-06
1.6540199999999999e-01 1.7204836812096640e-06
1.7377899999999999e-01 1.3148128526134599e-06
1.8227299999999999e-01 1.0287471317380526e-06
1.9071399999999999e-01 7.6869364696895961e-07
1.9885800000000001e-01 5.9738461136476909e-07
2.1647500000000000e-01 3.1315805045648220e-07
2.2468700000000000e-01 2.4507138917476790e-07
2.4959100000000001e-01 1.1030096654828881e-07
2.5792500000000002e-01 8.2531446730376489e-08
2.7496999999999999e-01 4.4329549994107836e-08
2.9965700000000001e-01 1.9942237286945593e-08
