# Q(A^-1)        R
7.0091199999999998e-03 9.6564381051817705e-01
7.2785100000000002e-03 9.7247616020341143e-01
7.5535300000000001e-03 9.9774848527097937e-01
7.8304900000000007e-03 9.3556926791548034e-01
8.0746700000000008e-03 8.9771744184297786e-01
8.3631000000000000e-03 8.9261371840370207e-01
8.6495800000000005e-03 8.5565046049824200e-01
8.9465499999999993e-03 8.3117785515613096e-01
9.2081500000000000e-03 7.9135239034067051e-01
9.4872900000000007e-03 7.2351121328093626e-01
9.7522800000000003e-03 6.8390608734788272e-01
1.0026500000000001e-02 6.2594415188553720e-01
1.0298699999999999e-02 5.5463505560794635e-01
1.0583700000000000e-02 4.8792842613819126e-01
1.0859799999999999e-02 4.3193775963100234e-01
1.1120900000000000e-02 4.0241712417975584e-01
1.1424000000000000e-02 3.4971653596491131e-01
1.1683000000000001e-02 3.0003517019927806e-01
1.1952500000000000e-02 2.6447374688244124e-01
1.2252700000000000e-02 2.2830695723747987e-01
1.2485400000000001e-02 1.9675620312772293e-01
1.2762500000000000e-02 1.6432857932979711e-01
1.3088100000000000e-02 1.3932781257551560e-01
1.3326200000000000e-02 1.2099594079796017e-01
1.3599399999999999e-02 1.0265134132936816e-01
1.3906399999999999e-02 8.7728730490965745e-02
1.4176400000000000e-02 7.4878254801293107e-02
1.4447500000000000e-02 6.2304549505216814e-02
1.4705599999999999e-02 5.3779052361090790e-02
1.4999200000000001e-02 4.6020926652983893e-02
1.5294300000000000e-02 3.7617128994613322e-02
1.5560200000000000e-02 3.2808718097926952e-02
1.5813399999999998e-02 2.9399984830801279e-02
1.6060200000000000e-02 2.6024565946607917e-02
1.6376600000000002e-02 2.2454196538004175e-02
1.6644099999999998e-02 2.0009315487348550e-02
1.6879700000000001e-02 1.6819150739130179e-02
1.7179099999999999e-02 1.5679250573196149e-02
1.7454399999999998e-02 1.4173802478187923e-02
1.7723699999999998e-02 1.2109447631560626e-02
1.8020600000000001e-02 1.1238691035092575e-02
1.8292900000000001e-02 1.0204674206024137e-02
1.8552200000000001e-02 9.9019918645615046e-03
1.8859500000000001e-02 9.1313674992999031e-03
1.9110499999999999e-02 8.4237113273633851e-03
1.9380100000000001e-02 8.1546542614002911e-03
1.9635500000000000e-02 8.0291895409171608e-03
1.9937500000000000e-02 7.5796534241507115e-03
2.0206900000000000e-02 7.3867943443843547e-03
2.0545799999999999e-02 7.0087407303283163e-03
2.0755800000000001e-02 6.9190063231572138e-03
2.1092900000000001e-02 6.5278362509756200e-03
2.1290699999999999e-02 6.4310790719868099e-03
2.1583000000000001e-02 5.6255816058637335e-03
2.1864100000000001e-02 5.4424321023052950e-03
2.2127800000000000e-02 5.1792491831566248e-03
2.2413300000000001e-02 4.6746910569645372e-03
2.2682600000000001e-02 4.3296759038461696e-03
2.2968400000000000e-02 4.1897167275184296e-03
2.3260500000000000e-02 3.8750004776385220e-03
2.3503099999999999e-02 3.5138448945703036e-03
2.3778500000000001e-02 3.3715551976574581e-03
2.4032100000000001e-02 3.0385709311590422e-03
2.4356800000000001e-02 2.7949781967450075e-03
2.4584399999999999e-02 2.7220967493069145e-03
2.4898699999999999e-02 2.4259785401745649e-03
2.5209499999999999e-02 2.2887185972681281e-03
2.5401400000000001e-02 2.1907408999350176e-03
2.5715800000000000e-02 2.0055793680468187e-03
2.5993599999999999e-02 1.8440269197680982e-03
2.5031500000000002e-02 2.3597011217970170e-03
2.7428800000000000e-02 1.4439923216538666e-03
2.9838000000000000e-02 9.6040876859263252e-04
3.2231700000000002e-02 6.4770786336769773e-04
3.4629600000000003e-02 4.7219202467926386e-04
3.7119199999999998e-02 3.7895546486014213e-04
3.9567400000000003e-02 2.9284257813204969e-04
4.1934800000000001e-02 2.2658347916656782e-04
4.4344099999999997e-02 1.8131164995508568e-04
4.6782400000000002e-02 1.5337109890166991e-04
4.9134400000000002e-02 1.3412770949170066e-04
5.1636200000000000e-02 1.0767063637623492e-04
5.4031200000000001e-02 8.5325885349218065e-05
5.6520899999999999e-02 7.2380658995771684e-05
5.8872099999999997e-02 6.3596957271487968e-05
6.1277999999999999e-02 5.4465799399773361e-05
6.3815100000000000e-02 4.3855010416187043e-05
6.6140800000000000e-02 3.5059881540127345e-05
6.8498600000000007e-02 2.8342449774444384e-05
7.0944099999999996e-02 2.3105896490765944e-05
7.3365700000000006e-02 2.0689039852016087e-05
7.5831300000000004e-02 1.9116068498592684e-05
7.8226299999999999e-02 1.7033553881871525e-05
8.0648999999999998e-02 1.5374728996224987e-05
8.3064299999999994e-02 1.3582701424516073e-05
8.5390099999999997e-02 1.1666117620450153e-05
8.7882000000000002e-02 1.0364629297477935e-05
9.0295700000000007e-02 9.0841954618314888e-06
9.2780899999999999e-02 7.7977509627310037e-06
9.5059000000000005e-02 7.2660462718069905e-06
9.7537299999999993e-02 6.1594287719436567e-06
9.9989599999999998e-02 5.6290423428660729e-06
9.5013899999999998e-02 7.2554193046471422e-06
1.0117700000000000e-01 5.6521904163040440e-06
1.0727399999999999e-01 4.1594123324281207e-06
1.1336100000000000e-01 3.3482748407110837e-06
1.1939700000000000e-01 2.6643895185721463e-06
1.2558000000000000e-01 2.1936427586876255e-06
1.3163300000000000e-01 1.7459684339060922e-06
1.3791000000000000e-01 1.3255887462114949e-06
1.4358799999999999e-01 1.0996409758885794e-06
1.4992400000000000e-01 8.5337294022756498e-07
1.4007100000000000e-01 1.2300093184415172e-06
1.4820200000000000e-01 9.2638041682339135e-07
1.5693599999999999e-01 6.8213344924902186e-07
1.6540700000000000e-01 5.0979167690903158e-07
1.7388500000000001e-01 3.6728908180562956e-07
1.9911200000000001e-01 1.6280324661632415e-07
2.0735100000000001e-01 1.2060620128201266e-07
2.3196500000000000e-01 6.0870873149765595e-08
2.4974299999999999e-01 3.6384363156350056e-08
2.5793600000000000e-01 2.9859134551525763e-08
2.7486200000000000e-01 1.7449173823745744e-08
2.8370699999999999e-01 1.3402200014576440e-08
2.9183700000000001e-01 1.0549371599901081e-08
3.0003800000000003e-01 8.3695814723228068e-09
