# Q(A^-1)        R
7.0002399999999996e-03 1.0263884737526351e-01
7.2706200000000002e-03 8.7429206098509349e-02
7.5419700000000003e-03 8.0810930476508641e-02
7.8319199999999992e-03 7.4673298378898273e-02
8.1028100000000002e-03 6.6283475862627769e-02
8.3884400000000005e-03 6.3032899563518735e-02
8.6447599999999996e-03 5.7329461559195799e-02
8.9392499999999993e-03 5.1727900716847401e-02
9.2060000000000006e-03 4.7333712426641791e-02
9.4854499999999994e-03 4.1472128442030382e-02
9.7547599999999995e-03 3.6749629521497691e-02
1.0036399999999999e-02 3.2140540825727176e-02
1.0303400000000001e-02 2.9859383252832224e-02
1.0575200000000000e-02 2.5907518850700192e-02
1.0842600000000001e-02 2.3601416234268997e-02
1.1132599999999999e-02 2.0586869806495951e-02
1.1378200000000000e-02 1.8929111083338366e-02
1.1696000000000000e-02 1.8596372333576812e-02
1.1970200000000000e-02 1.6717136520904407e-02
1.2237500000000000e-02 1.4945765230990504e-02
1.2506300000000000e-02 1.4184577994512806e-02
1.2770500000000001e-02 1.3786286449988548e-02
1.3079700000000000e-02 1.3048471671433075e-02
1.3340299999999999e-02 1.2688100816073951e-02
1.3584499999999999e-02 1.2757991346956005e-02
1.3897700000000001e-02 1.2084821955176487e-02
1.4170200000000001e-02 1.1125315425286979e-02
1.4424599999999999e-02 1.0478369574653592e-02
1.4710200000000000e-02 1.0659094801183417e-02
1.4975700000000000e-02 1.0128477492614063e-02
1.5276700000000001e-02 9.5008478452355046e-03
1.5542300000000000e-02 9.2216106901657491e-03
1.5809500000000001e-02 9.2694632364060010e-03
1.6099499999999999e-02 8.8868777864727876e-03
1.6340899999999998e-02 8.4561601630165975e-03
1.6653899999999999e-02 7.9755356371082140e-03
1.6905099999999999e-02 6.8058927547149217e-03
1.7201800000000000e-02 6.5852711105844966e-03
1.7444800000000000e-02 6.2555239980031999e-03
1.7750499999999999e-02 5.8030068048994165e-03
1.7994900000000001e-02 5.2541630422456194e-03
1.8276500000000001e-02 4.6282312487362035e-03
1.8553600000000000e-02 4.1272704393310123e-03
1.8868500000000000e-02 3.7974650992287345e-03
1.9089700000000001e-02 3.5207113422113484e-03
1.9376399999999998e-02 3.2298107730375628e-03
1.9672900000000000e-02 3.0540687070561017e-03
1.9946900000000000e-02 2.8551149666216223e-03
2.0203200000000001e-02 2.6712489032937417e-03
2.0486700000000000e-02 2.5678427936187543e-03
2.0756299999999998e-02 2.5897256790332703e-03
2.1056600000000002e-02 2.5216787285430005e-03
2.1300400000000001e-02 2.4582603378350693e-03
2.1574500000000000e-02 2.3929658601083976e-03
2.1858599999999999e-02 2.3393858550480140e-03
2.2144100000000000e-02 2.2027971614667612e-03
2.2473099999999999e-02 2.1181431172118243e-03
2.2723400000000001e-02 2.0973342434352504e-03
2.2993300000000001e-02 2.0463382046968289e-03
2.3238000000000002e-02 2.0181286324418095e-03
2.3492300000000001e-02 1.9905917931137300e-03
2.3824200000000000e-02 1.8008447042915765e-03
2.4049999999999998e-02 1.6847600685782752e-03
2.4335699999999998e-02 1.6003541148384916e-03
2.4651300000000001e-02 1.5550355171145833e-03
2.4879499999999999e-02 1.4939584959214912e-03
2.5159800000000000e-02 1.4303375992772286e-03
2.5458499999999998e-02 1.3283865648864722e-03
2.5732600000000001e-02 1.3779229685327494e-03
2.6013100000000001e-02 1.2565367014409938e-03
2.5041299999999999e-02 1.4564200564490088e-03
2.7445500000000001e-02 1.0349275982425969e-03
2.9844900000000001e-02 7.8679718602744930e-04
3.2231900000000001e-02 5.0045013934311273e-04
3.4680400000000000e-02 3.8854385398415724e-04
3.7113399999999998e-02 3.4349182453637242e-04
3.9505199999999997e-02 2.6485017155799276e-04
4.1947699999999997e-02 1.9731120199591751e-04
4.4409600000000000e-02 1.5940148996541114e-04
4.6806899999999999e-02 1.4375647665677683e-04
4.9207399999999998e-02 1.2338337118151797e-04
5.1588700000000001e-02 9.9523507613926806e-05
5.3956900000000002e-02 7.2218708354391384e-05
5.6430800000000003e-02 6.3039088449311898e-05
5.8786999999999999e-02 5.5235383953154754e-05
6.1246399999999999e-02 4.7114858815553276e-05
6.3759499999999997e-02 3.5922862783394329e-05
6.6121200000000005e-02 2.6068082674511011e-05
6.8558800000000003e-02 1.9512074409575566e-05
7.0980299999999996e-02 1.5708358720786327e-05
7.3452100000000006e-02 1.3324487797482023e-05
7.5826299999999999e-02 1.3011669757965852e-05
7.8197299999999997e-02 1.1653518927541861e-05
8.0577499999999996e-02 1.0194828527316046e-05
8.3031599999999997e-02 8.5719644612693963e-06
8.5460700000000001e-02 7.3675273217484761e-06
8.8051199999999996e-02 6.1970434459986443e-06
9.0395400000000001e-02 5.3679227978033840e-06
9.2725799999999997e-02 4.7471571630156995e-06
9.5149200000000003e-02 4.0880380065505245e-06
9.9812999999999999e-02 3.1514633555011936e-06
9.4926899999999995e-02 4.2269077386649158e-06
1.0103300000000000e-01 2.9439643391701855e-06
1.0720399999999999e-01 2.0710246405978280e-06
1.1310800000000000e-01 1.5279636504222346e-06
1.2564200000000000e-01 7.9289664271968150e-07
1.3154500000000000e-01 5.8164423162946386e-07
1.3807500000000000e-01 4.0845154631890116e-07
1.4380299999999999e-01 2.9007073799146671e-07
1.4000899999999999e-01 3.6952417654406212e-07
1.5664800000000001e-01 1.5398299716581257e-07
1.6544200000000001e-01 1.0045723068471729e-07
1.7371300000000001e-01 6.1854905254267558e-08
1.9038900000000000e-01 2.5739013413466031e-08
2.1559800000000001e-01 6.0675371226248239e-09
2.2406599999999999e-01 3.8964096685654878e-09
2.3267399999999999e-01 2.6557896223120504e-09
2.4083700000000000e-01 1.7065298265710083e-09
2.4983200000000000e-01 9.7985646314544146e-10
2.7551399999999998e-01 2.5301040243087233e-10
2.8303299999999998e-01 1.5907065605077694e-10
